    k     vct_a(k) [m]   vct_b(k) []
    1  23580.0000000000  0.0000000000
    2  18857.0000000000  0.0000000000
    3  15616.0000000000  0.0000000000
    4  13387.0000000000  0.0000000000
    5  11357.0000000000  0.0000000000
    6   9737.0000000000  0.0000000000
    7   8380.0000000000  0.1393653076
    8   7209.0000000000  0.2596282222
    9   6095.0000000000  0.3740371778
   10   5033.0000000000  0.4831056794
   11   4146.0000000000  0.5742014994
   12   3397.0000000000  0.6511245764
   13   2703.0000000000  0.7223990962
   14   2056.0000000000  0.7888466674
   15   1451.0000000000  0.8509807949
   16    974.0000000000  0.8999691897
   17    653.0000000000  0.9329362227
   18    430.0000000000  0.9558385540
   19    213.0000000000  0.9781246791
   20     68.0000000000  0.9930163295
   21      0.0000000000  1.0000000000
=====================================
Source:
- Almut Gassmann, r1213
Comments:
- ?
References:
- ?
