#    k     vct_a(k) [m]   vct_b(k) []
    1  35000.0000000000  0.0000000000
    2  32500.0000000000  0.0000000000
    3  30000.0000000000  0.0000000000
    4  27500.0000000000  0.0000000000
    5  25000.0000000000  0.0000000000
    6  23580.4414062500  0.0000000000
    7  20773.3691406250  0.0000000000
    8  18455.5488281250  0.0000000000
    9  16559.7265625000  0.0000000000
   10  14970.4609375000  0.0000000000
   11  13623.1367187500  0.0000000000
   12  12477.7646484375  0.0840755029
   13  11478.0507812500  0.1574590332
   14  10561.6865234375  0.2247243244
   15   9712.8486328125  0.2870328740
   16   8919.9833984375  0.3452327770
   17   8154.0073242188  0.4014588936
   18   7431.7841796875  0.4544733468
   19   6764.6855468750  0.5034414110
   20   6144.3554687500  0.5489764512
   21   5564.2436523438  0.5915592886
   22   5019.1157226562  0.6315741502
   23   4504.7177734375  0.6693332919
   24   4017.5456542969  0.7050939341
   25   3554.6762695312  0.7390706456
   26   3125.2937011719  0.7705892728
   27   2725.8110351562  0.7999131117
   28   2353.2324218750  0.8272620711
   29   2015.3968505859  0.8520607337
   30   1719.1958007812  0.8738032337
   31   1461.1770019531  0.8927429833
   32   1238.5347900391  0.9090859311
   33   1039.6235351562  0.9236869191
   34    853.8964233398  0.9373201311
   35    680.6732788086  0.9500354953
   36    519.3526000977  0.9618771645
   37    378.1535949707  0.9722418116
   38    256.2475891113  0.9811902652
   39    152.9479064941  0.9887729302
   40     67.6838989258  0.9950316950
   41      0.0000000000  1.0000000000
# =====================================
# HYB_PARAMS table for nonhydrostatic model
# Comments: Added (arbitrarily) five more levels to 
#           the 35 levels file to have a higher top.
