    k     vct_a(k)  [m]   vct_b(k) []
    1  41152.0339404637  0.0000000000
    2  36107.9353689375  0.0000000000
    3  31672.6640370699  0.0000000000
    4  27845.8838575519  0.0000000000
    5  24630.5106042888  0.0000000000
    6  22033.4405380545  0.0000000000
    7  19934.4181238303  0.0000000000
    8  18342.8887474331  0.0000000000
    9  17268.9228809862  0.0585494401
   10  16188.1136434746  0.1174719606
   11  15099.6306006539  0.1768128342
   12  14002.5251693601  0.2366237749
   13  12895.7167317307  0.2969636948
   14  11777.9705703380  0.3578999070
   15  10647.8587989428  0.4195102557
   16   9503.7437431976  0.4818840220
   17   8343.7198297394  0.5451250921
   18   7165.5638096197  0.6093546710
   19   5966.6687192019  0.6747148826
   20   4743.9509735127  0.7413738349
   21   3493.7401578165  0.8095316280
   22   2416.7261082156  0.8682472460
   23   1531.3922075060  0.9165130297
   24    848.5112708839  0.9537416771
   25    377.6908900847  0.9794094106
   26    126.3025584684  0.9931143584
   27      0.0000000000  1.0000000000
==============================================
HYB_PARAMS table created by hyb_coeffs_ham2nam
