    k     vct_a(k) [Pa]   vct_b(k) []
    1  27381.9054049070  0.0000000000
    2  26991.9442204250  0.0142415650
    3  26590.5390359760  0.0289010701
    4  26177.4403857780  0.0439876262
    5  25752.3948782790  0.0595104870
    6  25315.1451483130  0.0754790518
    7  24865.4298087160  0.0919028665
    8  24402.9834013950  0.1087916257
    9  23927.5363478650  0.1261551746
   10  23438.8148992220  0.1440035106
   11  22936.5410855720  0.1623467854
   12  22420.4326648850  0.1811953064
   13  21890.2030712940  0.2005595393
   14  21345.5613628160  0.2204501094
   15  20786.2121684930  0.2408778037
   16  20211.8556349540  0.2618535732
   17  19622.1873723850  0.2833885341
   18  19016.8983998990  0.3054939706
   19  18395.6750903180  0.3281813366
   20  17758.1991143310  0.3514622576
   21  17104.1473840520  0.3753485329
   22  16433.1919959550  0.3998521376
   23  15745.0001731790  0.4249852251
   24  15039.2342072100  0.4507601285
   25  14315.5513989190  0.4771893633
   26  13573.6039989610  0.5042856296
   27  12813.0391475160  0.5320618139
   28  12033.4988133860  0.5605309917
   29  11234.6197324160  0.5897064296
   30  10416.0333452530  0.6196015876
   31   9577.3657344247  0.6502301212
   32   8718.2375607417  0.6816058842
   33   7838.2639990006  0.7137429305
   34   6937.0546729974  0.7466555168
   35   6014.2135898353  0.7803581051
   36   5069.3390735220  0.8148653646
   37   4102.0236978492  0.8501921748
   38   3111.8542185484  0.8863536276
   39   2098.4115047143  0.9233650298
   40   1061.2704694889  0.9612419058
   41      0.0000000000  1.0000000000
=====================================
Source:
- Marco Giorgetta, r652
- ?
Comments:
- Resolves atmosphere from surface to 279 hPa.
- Does not include the full atmosphere: ptop=274 hPa.
References:
- ?
