    k     vct_a(k) [Pa]   vct_b(k) []
    1    219.4067000000  0.0000000000
    2    489.5209000000  0.0000000000
    3    988.2418000000  0.0000000000
    4   1805.2010000000  0.0000000000
    5   2983.7240000000  0.0000000000
    6   4462.3340000000  0.0000000000
    7   6160.5870000000  0.0000000000
    8   7851.2430000000  0.0000000000
    9   7731.2710000000  0.0150530900
   10   7590.1310000000  0.0327622800
   11   7424.0860000000  0.0535962200
   12   7228.7440000000  0.0781062700
   13   6998.9330000000  0.1069411000
   14   6728.5740000000  0.1408637000
   15   6410.5090000000  0.1807720000
   16   6036.3220000000  0.2277220000
   17   5596.1110000000  0.2829562000
   18   5078.2250000000  0.3479364000
   19   4468.9600000000  0.4243822000
   20   3752.1910000000  0.5143168000
   21   2908.9490000000  0.6201202000
   22   2084.7390000000  0.7235355000
   23   1334.4430000000  0.8176768000
   24    708.4990000000  0.8962153000
   25    252.1360000000  0.9534761000
   26      0.0000000000  0.9851122000
   27      0.0000000000  1.0000000000
=====================================
Source:
- Marco Giorgetta, r652
- ?
Comments:
- Resolves atmosphere from surface to 3.54 hPa.
- Does not include the full atmosphere: ptop=2.19 hPa.
References:
- ?
