    k     vct_a(k) [m]   vct_b(k) []
    1  23580.4414062500  0.0000000000
    2  20773.3691406250  0.0000000000
    3  18455.5488281250  0.0000000000
    4  16559.7265625000  0.0000000000
    5  14970.4609375000  0.0000000000
    6  13623.1367187500  0.0000000000
    7  12477.7646484375  0.0840755029
    8  11478.0507812500  0.1574590332
    9  10561.6865234375  0.2247243244
   10   9712.8486328125  0.2870328740
   11   8919.9833984375  0.3452327770
   12   8154.0073242188  0.4014588936
   13   7431.7841796875  0.4544733468
   14   6764.6855468750  0.5034414110
   15   6144.3554687500  0.5489764512
   16   5564.2436523438  0.5915592886
   17   5019.1157226562  0.6315741502
   18   4504.7177734375  0.6693332919
   19   4017.5456542969  0.7050939341
   20   3554.6762695312  0.7390706456
   21   3125.2937011719  0.7705892728
   22   2725.8110351562  0.7999131117
   23   2353.2324218750  0.8272620711
   24   2015.3968505859  0.8520607337
   25   1719.1958007812  0.8738032337
   26   1461.1770019531  0.8927429833
   27   1238.5347900391  0.9090859311
   28   1039.6235351562  0.9236869191
   29    853.8964233398  0.9373201311
   30    680.6732788086  0.9500354953
   31    519.3526000977  0.9618771645
   32    378.1535949707  0.9722418116
   33    256.2475891113  0.9811902652
   34    152.9479064941  0.9887729302
   35     67.6838989258  0.9950316950
   36      0.0000000000  1.0000000000
=====================================
Source:
- Almut Gassmann, r1213
- ?
Comments:
- ?
References:
- ?
