    k      vct_a(k) [Pa]        vct_b(k) []
    1      0.00000000000      0.00000000000
    2      1.98918528294      0.00000000000
    3      6.57208964360      0.00000000000
    4     15.67390258170      0.00000000000
    5     30.62427876410      0.00000000000
    6     54.54572041260      0.00000000000
    7     92.55883043370      0.00000000000
    8    150.50469698200      0.00000000000
    9    235.32745773100      0.00000000000
   10    356.10025910400      0.00000000000
   11    523.91952428200      0.00000000000
   12    751.04294180400      0.00000000000
   13   1051.13722461000      0.00000000000
   14   1438.98841128000      0.00000000000
   15   1930.17735994000      0.00000000000
   16   2540.69700000000      0.00000000000
   17   3286.55300000000      0.00000000000
   18   4199.57400000000      0.00000000000
   19   5303.95700000000      0.00000000000
   20   6624.70400000000      0.00000000000
   21   8187.18500000000      0.00000000000
   22   9976.13700000000      0.00040000000
   23  11820.54000000000      0.00290000000
   24  13431.39000000000      0.00920000000
   25  14736.36000000000      0.02030000000
   26  15689.21000000000      0.03700000000
   27  16266.61000000000      0.05950000000
   28  16465.00000000000      0.08790000000
   29  16297.62000000000      0.12200000000
   30  15791.60000000000      0.16140000000
   31  14985.27000000000      0.20570000000
   32  13925.52000000000      0.25420000000
   33  12665.29000000000      0.30620000000
   34  11261.23000000000      0.36110000000
   35   9771.40600000000      0.41820000000
   36   8253.21100000000      0.47670000000
   37   6761.34000000000      0.53590000000
   38   5345.91400000000      0.59510000000
   39   4050.71800000000      0.65360000000
   40   2911.56900000000      0.71060000000
   41   1954.80500000000      0.76540000000
   42   1195.89000000000      0.81720000000
   43    638.14890000000      0.86500000000
   44    271.62650000000      0.90770000000
   45     72.06360000000      0.94420000000
   46      0.00000000000      0.97300000000
   47      0.00000000000      0.99230000000
   48      0.00000000000      1.00000000000
==============================================
Source:
- Hui Wan, r3471
- Variables vct_a and vct_b in
  /scratch/work/system/pool/data/ECHAM6/T63/T63L47_jan_spec.nc
  from MPI-M.
Comments:
- Standard vertical grid for ECHAM6 simulations including the
  troposphere, stratosphere and mesosphere.
- Resolves atmosphere from surface to 1 Pa (0.01 mbar).
- Includes mass of the whole atmosphere: ptop=0.
References:
- n.a.
