    k     vct_a(k) [Pa]   vct_b(k) []
    1  25499.2348761570  0.0000000000
    2  25298.1803503020  0.0078847278
    3  25092.4941914210  0.0159510937
    4  24882.0697019700  0.0242032821
    5  24666.7977264420  0.0326455736
    6  24446.5665947500  0.0412823477
    7  24221.2620642960  0.0501180846
    8  23990.7672607080  0.0591573678
    9  23754.9626172150  0.0684048862
   10  23513.7258126220  0.0778654369
   11  23266.9317078580  0.0875439275
   12  23014.4522810590  0.0974453785
   13  22756.1565611600  0.1075749264
   14  22491.9105599570  0.1179378256
   15  22221.5772025960  0.1285394518
   16  21945.0162564730  0.1393853046
   17  21662.0842584870  0.1504810100
   18  21372.6344406200  0.1618323238
   19  21076.5166538040  0.1734451345
   20  20773.5772900310  0.1853254660
   21  20463.6592026700  0.1974794812
   22  20146.6016249530  0.2099134847
   23  19822.2400865740  0.2226339267
   24  19490.4063283740  0.2356474058
   25  19150.9282150570  0.2489606724
   26  18803.6296459000  0.2625806328
   27  18448.3304633990  0.2765143522
   28  18084.8463598150  0.2907690585
   29  17712.9887815680  0.3053521461
   30  17332.5648314230  0.3202711801
   31  16943.3771684320  0.3355338993
   32  16545.2239055610  0.3511482213
   33  16137.8985049660  0.3671222457
   34  15721.1896708490  0.3834642589
   35  15294.8812398590  0.4001827383
   36  14858.7520689500  0.4172863562
   37  14412.5759206720  0.4347839851
   38  13956.1213458100  0.4526847016
   39  13489.1515633220  0.4709977915
   40  13011.4243375140  0.4897327547
   41  12522.6918523780  0.5088993096
   42  12022.7005830440  0.5285073987
   43  11511.1911642660  0.5485671935
   44  10987.8982558760  0.5690890998
   45  10452.5504051470  0.5900837631
   46   9904.8699059740  0.6115620742
   47   9344.5726548212  0.6335351747
   48   8771.3680033436  0.6560144629
   49   8184.9586076175  0.6790115999
   50   7585.0402738959  0.7025385150
   51   6971.3018008115  0.7266074125
   52   6343.4248179442  0.7512307781
   53   5701.0836206694  0.7764213849
   54   5043.9450012026  0.8021923001
   55   4371.6680757511  0.8285568921
   56   3683.9041076842  0.8555288374
   57   2980.2963266296  0.8831221273
   58   2260.4797434025  0.9113510757
   59   1524.0809606715  0.9402303258
   60    770.7179792624  0.9697748586
   61      0.0000000000  1.0000000000
=====================================
Source:
- Marco Giorgetta, r652
- ?
Comments:
- Resolves atmosphere from surface to 254 hPa.
- Does not include the full atmosphere: ptop=255 hPa.
References:
- ?
