    k     vct_a(k) [Pa]   vct_b(k) []
    1  27381.9053087374  0.0000000000
    2  26590.5389419880  0.0289010702
    3  25752.3947865624  0.0595104871
    4  24865.4297193828  0.0919028665
    5  23927.5362610483  0.1261551747
    6  22936.5410014302  0.1623467855
    7  21890.2029900121  0.2005595395
    8  20786.2120902855  0.2408778039
    9  19622.1872974978  0.2833885343
   10  18395.6750190330  0.3281813368
   11  17104.1473166880  0.3753485331
   12  15745.0001100948  0.4249852254
   13  14315.5513405186  0.4771893636
   14  12813.0390942494  0.5320618142
   15  11234.6196847841  0.5897064299
   16   9577.3656929825  0.6502301215
   17   7838.2639643609  0.7137429307
   18   6014.2135626732  0.7803581053
   19   4102.0236789052  0.8501921750
   20   2098.4114947994  0.9233650299
   21      0.0000000000  1.0000000000
=====================================
Source:
- Günther Zängl, r893
Comments:
- for gravity-wave test
References:
- ?
