    k      vct_a(k) [Pa]        vct_b(k) []
    1      0.00000000000      0.00000000000
    2      1.98918200000      0.00000000000
    3      2.69261049019      0.00000000000
    4      3.54616436285      0.00000000000
    5      4.57676154806      0.00000000000
    6      5.81494008732      0.00000000000
    7      7.29508100451      0.00000000000
    8      9.05558650238      0.00000000000
    9     11.13899860390      0.00000000000
   10     13.59204232600      0.00000000000
   11     16.46557688990      0.00000000000
   12     19.81443846030      0.00000000000
   13     23.69715858580      0.00000000000
   14     28.17554398880      0.00000000000
   15     33.31410571420      0.00000000000
   16     39.17932894130      0.00000000000
   17     45.83877900870      0.00000000000
   18     53.36004436590      0.00000000000
   19     61.84652851090      0.00000000000
   20     71.41293096520      0.00000000000
   21     82.18633735120      0.00000000000
   22     94.30739700910      0.00000000000
   23    107.93159312400      0.00000000000
   24    123.23061037100      0.00000000000
   25    140.39380510000      0.00000000000
   26    159.62978305700      0.00000000000
   27    181.16808956800      0.00000000000
   28    205.26101701000      0.00000000000
   29    232.18553420500      0.00000000000
   30    262.24534219500      0.00000000000
   31    295.77306053200      0.00000000000
   32    333.13254791100      0.00000000000
   33    374.72136053700      0.00000000000
   34    420.97335112800      0.00000000000
   35    472.36141090100      0.00000000000
   36    529.40035622200      0.00000000000
   37    592.64996085000      0.00000000000
   38    662.71813389000      0.00000000000
   39    740.26424261200      0.00000000000
   40    826.00257828600      0.00000000000
   41    920.70596202900      0.00000000000
   42   1025.20948643000      0.00000000000
   43   1140.41438737000      0.00000000000
   44   1267.29203905000      0.00000000000
   45   1406.88806363000      0.00000000000
   46   1560.32654523000      0.00000000000
   47   1728.81433642000      0.00000000000
   48   1913.64544337000      0.00000000000
   49   2116.40516768000      0.00000000000
   50   2338.83258526000      0.00000000000
   51   2582.83546234000      0.00000000000
   52   2850.50661850000      0.00000000000
   53   3144.14187680000      0.00000000000
   54   3466.25975516000      0.00000000000
   55   3819.62306772000      0.00000000000
   56   4207.26262160000      0.00000000000
   57   4632.50321221000      0.00000000000
   58   5098.99214010000      0.00000000000
   59   5610.73049400000      0.00000000000
   60   6172.44718382000      0.00000000000
   61   6789.26169137000      0.00000000000
   62   7464.85605972000      0.00000000000
   63   8205.07462124000      0.00000000000
   64   9013.73512825000      0.00004644049
   65   9876.25161270000      0.00034243900
   66  10779.68049520000      0.00110446930
   67  11698.04481100000      0.00262146859
   68  12606.03877790000      0.00530741757
   69  13479.76236570000      0.00948636061
   70  14289.18972130000      0.01555586781
   71  15005.62166630000      0.02390019447
   72  15604.63641530000      0.03493614042
   73  16062.08785970000      0.04900494903
   74  16355.96332830000      0.06649874109
   75  16464.95593010000      0.08780069543
   76  16370.24677270000      0.11324220849
   77  16058.29492070000      0.14307531050
   78  15520.18059980000      0.17757315520
   79  14753.79397070000      0.21690040880
   80  13765.30691920000      0.26105167868
   81  12572.99975160000      0.30987771640
   82  11218.07284600000      0.36276278464
   83   9756.42317930000      0.41877350085
   84   8253.21100000000      0.47670000000
   85   6761.34000000000      0.53590000000
   86   5345.91400000000      0.59510000000
   87   4050.71800000000      0.65360000000
   88   2911.56900000000      0.71060000000
   89   1954.80500000000      0.76540000000
   90   1195.89000000000      0.81720000000
   91    638.14890000000      0.86500000000
   92    271.62650000000      0.90770000000
   93     72.06360000000      0.94420000000
   94      0.00000000000      0.97300000000
   95      0.00000000000      0.99230000000
   96      0.00000000000      1.00000000000
==============================================
Source:
- Hui Wan, r3471
- Variables vct_a and vct_b in
  /scratch/work/system/pool/data/ECHAM6/T159/T159L95_jan_spec.nc
  from MPI-M.
Comments:
- Vertical grid for ECHAM6 simulations including the
  troposphere, stratosphere and mesosphere.
- Resolves atmosphere from surface to 1 Pa (0.01 mbar).
- Includes mass of the whole atmosphere: ptop=0. 
References:
- n.a.
