prlr      61 86400.00     0.00
prls      62 86400.00     0.00
prcr      63 86400.00     0.00
prcs      64 86400.00     0.00
sic       97   100.00     0.00 
hfss     146     1.00     0.00 
hfls     147     1.00     0.00 
clivi    150  1000.0      0.00 
psl      151     0.01 -1000.00
clt      164   100.00     0.00 
ts       169     1.00  -273.15 
tas      167     1.00  -273.15 
albedo   175   100.00     0.00
rsns     176     1.00     0.00 
rlns     177     1.00     0.00 
rsnt     178     1.00     0.00 
rlnt     179     1.00     0.00 
tauu     180  1000.0      0.00 
tauv     181  1000.0      0.00 
evspsbl  182 86400.00     0.00
rsdt     184     1.00     0.00 
tauu_sso 195  1000.0      0.00
tauv_sso 196  1000.0      0.00
diss_sso 197     1.00     0.00 
sit      211     1.00     0.00 
prw      230     1.00     0.00 
cllvi    231  1000.0      0.00 
pr       260 86400.00     0.00 
