k z
1      67255.799
2      64676.991
3      62174.116
4      59726.147
5      57350.397
6      55044.907
7      52807.842
8      50628.217
9      48501.098
10     46425.332
11     44399.842
12     42432.875
13     40526.789
14     38680.311
15     36892.235
16     35161.414
17     33486.750
18     31867.198
19     30301.762
20     28789.492
21     27329.479
22     25920.849
23     24562.775
24     23254.461
25     21995.148
26     20784.512
27     19627.182
28     18526.961
29     17486.878
30     16508.831
31     15589.120
32     14724.267
33     13910.998
34     13146.238
35     12427.091
36     11750.839
37     11114.923
38     10516.936
39      9954.617
40      9440.198
41      8960.329
42      8499.143
43      8066.596
44      7655.196
45      7257.940
46      6868.357
47      6480.451
48      6099.130
49      5752.908
50      5460.897
51      5229.379
52      5033.544
53      4837.708
54      4641.870
55      4446.038
56      4250.209
57      4054.372
58      3858.546
59      3662.730
60      3466.891
61      3271.042
62      3075.206
63      2879.389
64      2683.563
65      2487.724
66      2295.388
67      2110.616
68      1934.015
69      1765.528
70      1605.152
71      1452.942
72      1308.823
73      1172.676
74      1044.552
75       924.446
76       812.210
77       707.774
78       611.141
79       522.169
80       440.791
81       366.940
82       300.482
83       241.395
84       189.580
85       144.926
86       107.338
87        76.155
88        51.018
89        29.971
90         9.956
