k z
1      68574.026
2      65937.573
3      63416.409
4      60931.823
5      58520.471
6      56180.323
7      53909.491
8      51706.194
9      49550.241
10     47451.955
11     45398.709
12     43400.975
13     41464.776
14     39588.803
15     37771.819
16     36012.651
17     34310.178
18     32663.323
19     31071.073
20     29532.451
21     28046.534
22     26612.424
23     25229.274
24     23896.276
25     22612.647
26     21377.649
27     20191.375
28     19062.989
29     17990.934
30     16982.823
31     16034.840
32     15143.401
33     14305.133
34     13516.864
35     12775.612
36     12078.571
37     11423.108
38     10806.739
39     10227.133
40      9682.100
41      9198.296
42      8722.363
43      8275.923
44      7857.270
45      7453.121
46      7062.759
47      6673.955
48      6286.946
49      5911.315
50      5594.500
51      5327.293
52      5131.465
53      4935.623
54      4739.792
55      4543.948
56      4348.128
57      4152.290
58      3956.454
59      3760.637
60      3564.822
61      3368.960
62      3173.123
63      2977.288
64      2781.490
65      2585.635
66      2389.814
67      2200.963
68      2020.269
69      1847.760
70      1683.296
71      1527.009
72      1378.876
73      1238.770
74      1106.582
75       982.521
76       866.370
77       758.050
78       657.498
79       564.784
80       479.555
81       402.027
82       331.853
83       269.111
84       213.679
85       165.480
86       124.372
87        90.304
88        62.007
89        40.029
90        19.913
91         0.000
