k z p
    1       75000            2.07
    5       64946           10.00
   10       53878           46.29
   15       44198          158.80
   20       35958          487.19
   25       29039         1355.01
   30       23409         3211.78
   35       19202         6209.44
   40       16108        10113.61
   45       13822        14504.29
   50       11822        19882.14
   55        9822        27166.62
   60        7822        36528.62
   65        5822        48347.14
   70        3954        62009.15
   75        2432        75325.58
   80        1255        87126.18
   85         436        96190.04
   90          20       101084.97

