k z
 1   73681.773
 2   71102.963
 3   68600.089
 4   66152.120
 5   63776.371
 6   61470.883
 7   59233.817
 8   57054.191
 9   54927.073
10   52851.308
11   50825.818
12   48858.849
13   46952.762
14   45106.285
15   43318.211
16   41587.389
17   39912.725
18   38293.173
19   36727.738
20   35215.467
21   33755.452
22   32346.823
23   30988.749
24   29680.436
25   28421.123
26   27210.487
27   26053.157
28   24952.936
29   23912.852
30   22934.805
31   22015.095
32   21150.241
33   20336.972
34   19572.211
35   18853.065
36   18176.813
37   17540.897
38   16942.910
39   16380.591
40   15851.812
41   15354.572
42   14886.990
43   14447.298
44   14027.867
45   13621.524
46   13221.524
47   12821.524
48   12421.524
49   12021.524
50   11621.524
51   11221.524
52   10821.524
53   10421.524
54   10021.524
55    9621.524
56    9221.524
57    8821.524
58    8421.524
59    8021.524
60    7621.524
61    7221.524
62    6821.524
63    6421.524
64    6021.524
65    5621.524
66    5227.628
67    4846.842
68    4480.037
69    4127.152
70    3788.138
71    3462.954
72    3151.572
73    2853.976
74    2570.165
75    2300.151
76    2043.963
77    1801.648
78    1573.275
79    1358.938
80    1158.757
81     972.891
82     801.536
83     644.943
84     503.433
85     377.415
86     267.426
87     174.198
88      98.779
89      42.839
90      10.000
