   0.0000000e+00   2.8995318e+02   1.1989563e-02   8.0104374e-03   0.0000000e+00
   8.4802170e+00   2.8999720e+02   1.1971833e-02   8.0281672e-03   0.0000000e+00
   1.6967550e+01   2.9004126e+02   1.1954096e-02   8.0459041e-03   0.0000000e+00
   2.5462012e+01   2.9008536e+02   1.1936352e-02   8.0636481e-03   0.0000000e+00
   3.3963615e+01   2.9012949e+02   1.1918601e-02   8.0813991e-03   0.0000000e+00
   4.2472374e+01   2.9017366e+02   1.1900843e-02   8.0991572e-03   0.0000000e+00
   5.0988299e+01   2.9021787e+02   1.1883078e-02   8.1169224e-03   0.0000000e+00
   5.9511406e+01   2.9026211e+02   1.1865305e-02   8.1346947e-03   0.0000000e+00
   6.8041706e+01   2.9030639e+02   1.1847526e-02   8.1524740e-03   0.0000000e+00
   7.6579212e+01   2.9035071e+02   1.1829740e-02   8.1702604e-03   0.0000000e+00
   8.5123938e+01   2.9039507e+02   1.1811946e-02   8.1880539e-03   0.0000000e+00
   9.3675898e+01   2.9043946e+02   1.1794146e-02   8.2058544e-03   0.0000000e+00
   1.0223510e+02   2.9048389e+02   1.1776338e-02   8.2236620e-03   0.0000000e+00
   1.1080157e+02   2.9052836e+02   1.1758523e-02   8.2414766e-03   0.0000000e+00
   1.1937530e+02   2.9057286e+02   1.1740702e-02   8.2592983e-03   0.0000000e+00
   1.2795633e+02   2.9061740e+02   1.1722873e-02   8.2771270e-03   0.0000000e+00
   1.3654465e+02   2.9066198e+02   1.1705037e-02   8.2949627e-03   0.0000000e+00
   1.4514028e+02   2.9070660e+02   1.1687195e-02   8.3128055e-03   0.0000000e+00
   1.5374324e+02   2.9075125e+02   1.1669345e-02   8.3306553e-03   0.0000000e+00
   1.6235354e+02   2.9079595e+02   1.1651488e-02   8.3485121e-03   0.0000000e+00
   1.7097119e+02   2.9084067e+02   1.1633624e-02   8.3663759e-03   0.0000000e+00
   1.7959621e+02   2.9088544e+02   1.1615753e-02   8.3842468e-03   0.0000000e+00
   1.8822860e+02   2.9093025e+02   1.1597875e-02   8.4021246e-03   0.0000000e+00
   1.9686839e+02   2.9097509e+02   1.1579991e-02   8.4200095e-03   0.0000000e+00
   2.0551559e+02   2.9101997e+02   1.1562099e-02   8.4379014e-03   0.0000000e+00
   2.1417021e+02   2.9106488e+02   1.1544200e-02   8.4558002e-03   0.0000000e+00
   2.2283226e+02   2.9110984e+02   1.1526294e-02   8.4737060e-03   0.0000000e+00
   2.3150176e+02   2.9115483e+02   1.1508381e-02   8.4916189e-03   0.0000000e+00
   2.4017872e+02   2.9119986e+02   1.1490461e-02   8.5095386e-03   0.0000000e+00
   2.4886315e+02   2.9124493e+02   1.1472535e-02   8.5274654e-03   0.0000000e+00
   2.5755508e+02   2.9129004e+02   1.1454601e-02   8.5453991e-03   0.0000000e+00
   2.6625451e+02   2.9133518e+02   1.1436660e-02   8.5633398e-03   0.0000000e+00
   2.7496145e+02   2.9138037e+02   1.1418713e-02   8.5812875e-03   0.0000000e+00
   2.8367593e+02   2.9142559e+02   1.1400758e-02   8.5992421e-03   0.0000000e+00
   2.9239795e+02   2.9147085e+02   1.1382796e-02   8.6172036e-03   0.0000000e+00
   3.0112753e+02   2.9151614e+02   1.1364828e-02   8.6351721e-03   0.0000000e+00
   3.0986469e+02   2.9156148e+02   1.1346852e-02   8.6531475e-03   0.0000000e+00
   3.1860943e+02   2.9160685e+02   1.1328870e-02   8.6711299e-03   0.0000000e+00
   3.2736177e+02   2.9165226e+02   1.1310881e-02   8.6891191e-03   0.0000000e+00
   3.3612173e+02   2.9169771e+02   1.1292885e-02   8.7071153e-03   0.0000000e+00
   3.4488931e+02   2.9174320e+02   1.1274882e-02   8.7251184e-03   0.0000000e+00
   3.5366455e+02   2.9178872e+02   1.1256872e-02   8.7431284e-03   0.0000000e+00
   3.6244744e+02   2.9183429e+02   1.1238855e-02   8.7611453e-03   0.0000000e+00
   3.7123800e+02   2.9187989e+02   1.1220831e-02   8.7791691e-03   0.0000000e+00
   3.8003625e+02   2.9192553e+02   1.1202800e-02   8.7971997e-03   0.0000000e+00
   3.8884220e+02   2.9197121e+02   1.1184763e-02   8.8152372e-03   0.0000000e+00
   3.9765587e+02   2.9201693e+02   1.1166718e-02   8.8332816e-03   0.0000000e+00
   4.0647726e+02   2.9206269e+02   1.1148667e-02   8.8513329e-03   0.0000000e+00
   4.1530641e+02   2.9210848e+02   1.1130609e-02   8.8693910e-03   0.0000000e+00
   4.2414331e+02   2.9215432e+02   1.1112544e-02   8.8874560e-03   0.0000000e+00
   4.3298799e+02   2.9220019e+02   1.1094472e-02   8.9055278e-03   0.0000000e+00
   4.4184045e+02   2.9224610e+02   1.1076394e-02   8.9236065e-03   0.0000000e+00
   4.5070072e+02   2.9229205e+02   1.1058308e-02   8.9416920e-03   0.0000000e+00
   4.5956881e+02   2.9233804e+02   1.1040216e-02   8.9597842e-03   0.0000000e+00
   4.6844473e+02   2.9238407e+02   1.1022117e-02   8.9778834e-03   0.0000000e+00
   4.7732850e+02   2.9243013e+02   1.1004011e-02   8.9959893e-03   0.0000000e+00
   4.8622014e+02   2.9247624e+02   1.0985898e-02   9.0141020e-03   0.0000000e+00
   4.9511965e+02   2.9252238e+02   1.0967779e-02   9.0322215e-03   0.0000000e+00
   5.0402705e+02   2.9256857e+02   1.0949652e-02   9.0503478e-03   0.0000000e+00
   5.1294236e+02   2.9261479e+02   1.0931519e-02   9.0684808e-03   0.0000000e+00
   5.2186560e+02   2.9266105e+02   1.0913379e-02   9.0866207e-03   0.0000000e+00
   5.3079677e+02   2.9270735e+02   1.0895233e-02   9.1047673e-03   0.0000000e+00
   5.3973590e+02   2.9275369e+02   1.0877079e-02   9.1229206e-03   0.0000000e+00
   5.4868300e+02   2.9280007e+02   1.0858919e-02   9.1410807e-03   0.0000000e+00
   5.5763808e+02   2.9284649e+02   1.0840753e-02   9.1592475e-03   0.0000000e+00
   5.6660116e+02   2.9289294e+02   1.0822579e-02   9.1774210e-03   0.0000000e+00
   5.7557225e+02   2.9293944e+02   1.0804399e-02   9.1956013e-03   0.0000000e+00
   5.8455137e+02   2.9298597e+02   1.0786212e-02   9.2137883e-03   0.0000000e+00
   5.9353854e+02   2.9303255e+02   1.0768018e-02   9.2319819e-03   0.0000000e+00
   6.0253377e+02   2.9307916e+02   1.0749818e-02   9.2501823e-03   0.0000000e+00
   6.1153708e+02   2.9312582e+02   1.0731611e-02   9.2683893e-03   0.0000000e+00
   6.2054848e+02   2.9317251e+02   1.0713397e-02   9.2866030e-03   0.0000000e+00
   6.2956798e+02   2.9321924e+02   1.0695177e-02   9.3048234e-03   0.0000000e+00
   6.3859561e+02   2.9326601e+02   1.0676950e-02   9.3230504e-03   0.0000000e+00
   6.4763138e+02   2.9331282e+02   1.0658716e-02   9.3412841e-03   0.0000000e+00
   6.5667530e+02   2.9335967e+02   1.0640476e-02   9.3595244e-03   0.0000000e+00
   6.6572739e+02   2.9340656e+02   1.0622229e-02   9.3777713e-03   0.0000000e+00
   6.7478767e+02   2.9345349e+02   1.0603975e-02   9.3960249e-03   0.0000000e+00
   6.8385615e+02   2.9350046e+02   1.0585715e-02   9.4142851e-03   0.0000000e+00
   6.9293285e+02   2.9354747e+02   1.0567448e-02   9.4325518e-03   0.0000000e+00
   7.0201778e+02   2.9359452e+02   1.0549175e-02   9.4508251e-03   0.0000000e+00
   7.1111097e+02   2.9364161e+02   1.0530895e-02   9.4691051e-03   0.0000000e+00
   7.2021242e+02   2.9368874e+02   1.0512608e-02   9.4873915e-03   0.0000000e+00
   7.2932215e+02   2.9373591e+02   1.0494315e-02   9.5056846e-03   0.0000000e+00
   7.3844018e+02   2.9378311e+02   1.0476016e-02   9.5239842e-03   0.0000000e+00
   7.4756652e+02   2.9383036e+02   1.0457710e-02   9.5422903e-03   0.0000000e+00
   7.5670120e+02   2.9387765e+02   1.0439397e-02   9.5606029e-03   0.0000000e+00
   7.6584422e+02   2.9392498e+02   1.0421078e-02   9.5789221e-03   0.0000000e+00
   7.7499561e+02   2.9397234e+02   1.0402752e-02   9.5972477e-03   0.0000000e+00
   7.8415537e+02   2.9401975e+02   1.0384420e-02   9.6155799e-03   0.0000000e+00
   7.9332354e+02   2.9406720e+02   1.0366081e-02   9.6339185e-03   0.0000000e+00
   8.0250011e+02   2.9411469e+02   1.0347736e-02   9.6522636e-03   0.0000000e+00
   8.1168512e+02   2.9416222e+02   1.0329385e-02   9.6706152e-03   0.0000000e+00
   8.2087857e+02   2.9420978e+02   1.0311027e-02   9.6889732e-03   0.0000000e+00
   8.3008048e+02   2.9425739e+02   1.0292662e-02   9.7073376e-03   0.0000000e+00
   8.3929088e+02   2.9430504e+02   1.0274292e-02   9.7257085e-03   0.0000000e+00
   8.4850977e+02   2.9435273e+02   1.0255914e-02   9.7440857e-03   0.0000000e+00
   8.5773717e+02   2.9440046e+02   1.0237531e-02   9.7624694e-03   0.0000000e+00
   8.6697310e+02   2.9444823e+02   1.0219141e-02   9.7808595e-03   0.0000000e+00
   8.7621758e+02   2.9449604e+02   1.0200744e-02   9.7992559e-03   0.0000000e+00
   8.8547063e+02   2.9454388e+02   1.0182341e-02   9.8176587e-03   0.0000000e+00
   8.9473225e+02   2.9459177e+02   1.0163932e-02   9.8360678e-03   0.0000000e+00
   9.0400248e+02   2.9463971e+02   1.0145517e-02   9.8544833e-03   0.0000000e+00
   9.1328131e+02   2.9468768e+02   1.0127095e-02   9.8729051e-03   0.0000000e+00
   9.2256879e+02   2.9473569e+02   1.0108667e-02   9.8913332e-03   0.0000000e+00
   9.3186490e+02   2.9478374e+02   1.0090232e-02   9.9097676e-03   0.0000000e+00
   9.4116969e+02   2.9483183e+02   1.0071792e-02   9.9282083e-03   0.0000000e+00
   9.5048316e+02   2.9487996e+02   1.0053345e-02   9.9466553e-03   0.0000000e+00
   9.5980533e+02   2.9492814e+02   1.0034891e-02   9.9651085e-03   0.0000000e+00
   9.6913622e+02   2.9497635e+02   1.0016432e-02   9.9835680e-03   0.0000000e+00
   9.7847585e+02   2.9502461e+02   9.9979663e-03   1.0002034e-02   0.0000000e+00
   9.8782423e+02   2.9507290e+02   9.9794944e-03   1.0020506e-02   0.0000000e+00
   9.9718138e+02   2.9512124e+02   9.9610163e-03   1.0038984e-02   0.0000000e+00
   1.0065473e+03   2.9516962e+02   9.9425320e-03   1.0057468e-02   0.0000000e+00
   1.0159221e+03   2.9521803e+02   9.9240415e-03   1.0075959e-02   0.0000000e+00
   1.0253056e+03   2.9526649e+02   9.9055449e-03   1.0094455e-02   0.0000000e+00
   1.0346981e+03   2.9531499e+02   9.8870421e-03   1.0112958e-02   0.0000000e+00
   1.0440993e+03   2.9536353e+02   9.8685332e-03   1.0131467e-02   0.0000000e+00
   1.0535095e+03   2.9541211e+02   9.8500181e-03   1.0149982e-02   0.0000000e+00
   1.0629285e+03   2.9546073e+02   9.8314970e-03   1.0168503e-02   0.0000000e+00
   1.0723565e+03   2.9550940e+02   9.8129698e-03   1.0187030e-02   0.0000000e+00
   1.0817934e+03   2.9555810e+02   9.7944365e-03   1.0205564e-02   0.0000000e+00
   1.0912392e+03   2.9560685e+02   9.7758971e-03   1.0224103e-02   0.0000000e+00
   1.1006941e+03   2.9565563e+02   9.7573517e-03   1.0242648e-02   0.0000000e+00
   1.1101579e+03   2.9570446e+02   9.7388003e-03   1.0261200e-02   0.0000000e+00
   1.1196307e+03   2.9575333e+02   9.7202429e-03   1.0279757e-02   0.0000000e+00
   1.1291125e+03   2.9580223e+02   9.7016795e-03   1.0298320e-02   0.0000000e+00
   1.1386034e+03   2.9585118e+02   9.6831101e-03   1.0316890e-02   0.0000000e+00
   1.1481033e+03   2.9590018e+02   9.6645348e-03   1.0335465e-02   0.0000000e+00
   1.1576123e+03   2.9594921e+02   9.6459535e-03   1.0354047e-02   0.0000000e+00
   1.1671304e+03   2.9599828e+02   9.6273663e-03   1.0372634e-02   0.0000000e+00
   1.1766576e+03   2.9604740e+02   9.6087732e-03   1.0391227e-02   0.0000000e+00
   1.1861940e+03   2.9609655e+02   9.5901741e-03   1.0409826e-02   0.0000000e+00
   1.1957395e+03   2.9614575e+02   9.5715692e-03   1.0428431e-02   0.0000000e+00
   1.2052942e+03   2.9619499e+02   9.5529585e-03   1.0447041e-02   0.0000000e+00
   1.2148581e+03   2.9624427e+02   9.5343419e-03   1.0465658e-02   0.0000000e+00
   1.2244312e+03   2.9629359e+02   9.5157195e-03   1.0484280e-02   0.0000000e+00
   1.2340135e+03   2.9634295e+02   9.4970913e-03   1.0502909e-02   0.0000000e+00
   1.2436050e+03   2.9639236e+02   9.4784573e-03   1.0521543e-02   0.0000000e+00
   1.2532059e+03   2.9644180e+02   9.4598175e-03   1.0540182e-02   0.0000000e+00
   1.2628160e+03   2.9649129e+02   9.4411720e-03   1.0558828e-02   0.0000000e+00
   1.2724354e+03   2.9654082e+02   9.4225207e-03   1.0577479e-02   0.0000000e+00
   1.2820642e+03   2.9659039e+02   9.4038638e-03   1.0596136e-02   0.0000000e+00
   1.2917023e+03   2.9664000e+02   9.3852011e-03   1.0614799e-02   0.0000000e+00
   1.3013497e+03   2.9668965e+02   9.3665328e-03   1.0633467e-02   0.0000000e+00
   1.3110066e+03   2.9673934e+02   9.3478588e-03   1.0652141e-02   0.0000000e+00
   1.3206728e+03   2.9678908e+02   9.3291791e-03   1.0670821e-02   0.0000000e+00
   1.3303485e+03   2.9683886e+02   9.3104939e-03   1.0689506e-02   0.0000000e+00
   1.3400336e+03   2.9688868e+02   9.2918030e-03   1.0708197e-02   0.0000000e+00
   1.3497282e+03   2.9693854e+02   9.2731066e-03   1.0726893e-02   0.0000000e+00
   1.3594322e+03   2.9698844e+02   9.2544046e-03   1.0745595e-02   0.0000000e+00
   1.3691458e+03   2.9703838e+02   9.2356971e-03   1.0764303e-02   0.0000000e+00
   1.3788688e+03   2.9708837e+02   9.2169841e-03   1.0783016e-02   0.0000000e+00
   1.3886015e+03   2.9713839e+02   9.1982655e-03   1.0801734e-02   0.0000000e+00
   1.3983436e+03   2.9718846e+02   9.1795415e-03   1.0820458e-02   0.0000000e+00
   1.4080954e+03   2.9723857e+02   9.1608121e-03   1.0839188e-02   0.0000000e+00
   1.4178568e+03   2.9728873e+02   9.1420772e-03   1.0857923e-02   0.0000000e+00
   1.4276278e+03   2.9733892e+02   9.1233369e-03   1.0876663e-02   0.0000000e+00
   1.4374084e+03   2.9738916e+02   9.1045912e-03   1.0895409e-02   0.0000000e+00
   1.4471987e+03   2.9743943e+02   9.0858401e-03   1.0914160e-02   0.0000000e+00
   1.4569986e+03   2.9748975e+02   9.0670837e-03   1.0932916e-02   0.0000000e+00
   1.4668083e+03   2.9754012e+02   9.0483219e-03   1.0951678e-02   0.0000000e+00
   1.4766277e+03   2.9759052e+02   9.0295549e-03   1.0970445e-02   0.0000000e+00
   1.4864569e+03   2.9764096e+02   9.0107825e-03   1.0989217e-02   0.0000000e+00
   1.4962958e+03   2.9769145e+02   8.9920050e-03   1.1007995e-02   0.0000000e+00
   1.5061445e+03   2.9774198e+02   8.9732221e-03   1.1026778e-02   0.0000000e+00
   1.5160030e+03   2.9779255e+02   8.9544341e-03   1.1045566e-02   0.0000000e+00
   1.5258713e+03   2.9784316e+02   8.9356409e-03   1.1064359e-02   0.0000000e+00
   1.5357495e+03   2.9789382e+02   8.9168425e-03   1.1083157e-02   0.0000000e+00
   1.5456376e+03   2.9794452e+02   8.8980390e-03   1.1101961e-02   0.0000000e+00
   1.5555355e+03   2.9799525e+02   8.8792304e-03   1.1120770e-02   0.0000000e+00
   1.5654434e+03   2.9804603e+02   8.8604166e-03   1.1139583e-02   0.0000000e+00
   1.5753611e+03   2.9809686e+02   8.8415978e-03   1.1158402e-02   0.0000000e+00
   1.5852889e+03   2.9814772e+02   8.8227740e-03   1.1177226e-02   0.0000000e+00
   1.5952266e+03   2.9819863e+02   8.8039451e-03   1.1196055e-02   0.0000000e+00
   1.6051743e+03   2.9824958e+02   8.7851113e-03   1.1214889e-02   0.0000000e+00
   1.6151321e+03   2.9830057e+02   8.7662725e-03   1.1233728e-02   0.0000000e+00
   1.6250999e+03   2.9835160e+02   8.7474287e-03   1.1252571e-02   0.0000000e+00
   1.6350777e+03   2.9840268e+02   8.7285800e-03   1.1271420e-02   0.0000000e+00
   1.6450656e+03   2.9845379e+02   8.7097265e-03   1.1290274e-02   0.0000000e+00
   1.6550637e+03   2.9850495e+02   8.6908680e-03   1.1309132e-02   0.0000000e+00
   1.6650718e+03   2.9855615e+02   8.6720047e-03   1.1327995e-02   0.0000000e+00
   1.6750901e+03   2.9860740e+02   8.6531367e-03   1.1346863e-02   0.0000000e+00
   1.6851186e+03   2.9865868e+02   8.6342638e-03   1.1365736e-02   0.0000000e+00
   1.6951573e+03   2.9871001e+02   8.6153862e-03   1.1384614e-02   0.0000000e+00
   1.7052062e+03   2.9876138e+02   8.5965038e-03   1.1403496e-02   0.0000000e+00
   1.7152653e+03   2.9881279e+02   8.5776167e-03   1.1422383e-02   0.0000000e+00
   1.7253347e+03   2.9886425e+02   8.5587250e-03   1.1441275e-02   0.0000000e+00
   1.7354144e+03   2.9891574e+02   8.5398286e-03   1.1460171e-02   0.0000000e+00
   1.7455044e+03   2.9896728e+02   8.5209276e-03   1.1479072e-02   0.0000000e+00
   1.7556047e+03   2.9901886e+02   8.5020220e-03   1.1497978e-02   0.0000000e+00
   1.7657153e+03   2.9907049e+02   8.4831119e-03   1.1516888e-02   0.0000000e+00
   1.7758364e+03   2.9912215e+02   8.4641972e-03   1.1535803e-02   0.0000000e+00
   1.7859678e+03   2.9917386e+02   8.4452780e-03   1.1554722e-02   0.0000000e+00
   1.7961096e+03   2.9922561e+02   8.4263543e-03   1.1573646e-02   0.0000000e+00
   1.8062619e+03   2.9927740e+02   8.4074262e-03   1.1592574e-02   0.0000000e+00
   1.8164247e+03   2.9932923e+02   8.3884937e-03   1.1611506e-02   0.0000000e+00
   1.8265979e+03   2.9938111e+02   8.3695568e-03   1.1630443e-02   0.0000000e+00
   1.8367817e+03   2.9943303e+02   8.3506155e-03   1.1649384e-02   0.0000000e+00
   1.8469760e+03   2.9948499e+02   8.3316700e-03   1.1668330e-02   0.0000000e+00
   1.8571808e+03   2.9953699e+02   8.3127201e-03   1.1687280e-02   0.0000000e+00
   1.8673962e+03   2.9958903e+02   8.2937660e-03   1.1706234e-02   0.0000000e+00
   1.8776223e+03   2.9964112e+02   8.2748076e-03   1.1725192e-02   0.0000000e+00
   1.8878589e+03   2.9969325e+02   8.2558450e-03   1.1744155e-02   0.0000000e+00
   1.8981062e+03   2.9974542e+02   8.2368783e-03   1.1763122e-02   0.0000000e+00
   1.9083642e+03   2.9979764e+02   8.2179075e-03   1.1782093e-02   0.0000000e+00
   1.9186329e+03   2.9984989e+02   8.1989325e-03   1.1801067e-02   0.0000000e+00
   1.9289123e+03   2.9990219e+02   8.1799535e-03   1.1820047e-02   0.0000000e+00
   1.9392025e+03   2.9995453e+02   8.1609704e-03   1.1839030e-02   0.0000000e+00
   1.9495034e+03   3.0000691e+02   8.1419834e-03   1.1858017e-02   0.0000000e+00
   1.9598151e+03   3.0005934e+02   8.1229924e-03   1.1877008e-02   0.0000000e+00
   1.9701377e+03   3.0011181e+02   8.1039974e-03   1.1896003e-02   0.0000000e+00
   1.9804710e+03   3.0016432e+02   8.0849986e-03   1.1915001e-02   0.0000000e+00
   1.9908153e+03   3.0021687e+02   8.0659958e-03   1.1934004e-02   0.0000000e+00
   2.0011704e+03   3.0026946e+02   8.0469893e-03   1.1953011e-02   0.0000000e+00
   2.0115365e+03   3.0032210e+02   8.0279790e-03   1.1972021e-02   0.0000000e+00
   2.0219135e+03   3.0037477e+02   8.0089649e-03   1.1991035e-02   0.0000000e+00
   2.0323014e+03   3.0042749e+02   7.9899470e-03   1.2010053e-02   0.0000000e+00
   2.0427004e+03   3.0048026e+02   7.9709255e-03   1.2029074e-02   0.0000000e+00
   2.0531104e+03   3.0053306e+02   7.9519004e-03   1.2048100e-02   0.0000000e+00
   2.0635314e+03   3.0058591e+02   7.9328716e-03   1.2067128e-02   0.0000000e+00
   2.0739635e+03   3.0063880e+02   7.9138393e-03   1.2086161e-02   0.0000000e+00
   2.0844066e+03   3.0069173e+02   7.8948034e-03   1.2105197e-02   0.0000000e+00
   2.0948609e+03   3.0074470e+02   7.8757640e-03   1.2124236e-02   0.0000000e+00
   2.1053263e+03   3.0079772e+02   7.8567212e-03   1.2143279e-02   0.0000000e+00
   2.1158029e+03   3.0085077e+02   7.8376749e-03   1.2162325e-02   0.0000000e+00
   2.1262907e+03   3.0090387e+02   7.8186252e-03   1.2181375e-02   0.0000000e+00
   2.1367897e+03   3.0095701e+02   7.7995722e-03   1.2200428e-02   0.0000000e+00
   2.1473000e+03   3.0101020e+02   7.7805159e-03   1.2219484e-02   0.0000000e+00
   2.1578215e+03   3.0106342e+02   7.7614563e-03   1.2238544e-02   0.0000000e+00
   2.1683543e+03   3.0111669e+02   7.7423935e-03   1.2257607e-02   0.0000000e+00
   2.1788984e+03   3.0117000e+02   7.7233275e-03   1.2276673e-02   0.0000000e+00
   2.1894539e+03   3.0122335e+02   7.7042583e-03   1.2295742e-02   0.0000000e+00
   2.2000207e+03   3.0127675e+02   7.6851860e-03   1.2314814e-02   0.0000000e+00
   2.2105990e+03   3.0133018e+02   7.6661107e-03   1.2333889e-02   0.0000000e+00
   2.2211886e+03   3.0138366e+02   7.6470323e-03   1.2352968e-02   0.0000000e+00
   2.2317897e+03   3.0143718e+02   7.6279510e-03   1.2372049e-02   0.0000000e+00
   2.2424023e+03   3.0149074e+02   7.6088667e-03   1.2391133e-02   0.0000000e+00
   2.2530264e+03   3.0154434e+02   7.5897795e-03   1.2410220e-02   0.0000000e+00
   2.2636621e+03   3.0159799e+02   7.5706895e-03   1.2429311e-02   0.0000000e+00
   2.2743093e+03   3.0165167e+02   7.5515966e-03   1.2448403e-02   0.0000000e+00
   2.2849680e+03   3.0170540e+02   7.5325010e-03   1.2467499e-02   0.0000000e+00
   2.2956384e+03   3.0175917e+02   7.5134026e-03   1.2486597e-02   0.0000000e+00
   2.3063204e+03   3.0181299e+02   7.4943016e-03   1.2505698e-02   0.0000000e+00
   2.3170141e+03   3.0186684e+02   7.4751979e-03   1.2524802e-02   0.0000000e+00
   2.3277195e+03   3.0192074e+02   7.4560916e-03   1.2543908e-02   0.0000000e+00
   2.3384366e+03   3.0197467e+02   7.4369828e-03   1.2563017e-02   0.0000000e+00
   2.3491654e+03   3.0202865e+02   7.4178714e-03   1.2582129e-02   0.0000000e+00
   2.3599061e+03   3.0208267e+02   7.3987576e-03   1.2601242e-02   0.0000000e+00
   2.3706585e+03   3.0213674e+02   7.3796414e-03   1.2620359e-02   0.0000000e+00
   2.3814227e+03   3.0219084e+02   7.3605229e-03   1.2639477e-02   0.0000000e+00
   2.3921988e+03   3.0224499e+02   7.3414020e-03   1.2658598e-02   0.0000000e+00
   2.4029868e+03   3.0229917e+02   7.3222789e-03   1.2677721e-02   0.0000000e+00
   2.4137867e+03   3.0235340e+02   7.3031535e-03   1.2696847e-02   0.0000000e+00
   2.4245986e+03   3.0240767e+02   7.2840259e-03   1.2715974e-02   0.0000000e+00
   2.4354224e+03   3.0246198e+02   7.2648963e-03   1.2735104e-02   0.0000000e+00
   2.4462582e+03   3.0251634e+02   7.2457645e-03   1.2754235e-02   0.0000000e+00
   2.4571061e+03   3.0257073e+02   7.2266307e-03   1.2773369e-02   0.0000000e+00
   2.4679659e+03   3.0262517e+02   7.2074950e-03   1.2792505e-02   0.0000000e+00
   2.4788379e+03   3.0267964e+02   7.1883573e-03   1.2811643e-02   0.0000000e+00
   2.4897220e+03   3.0273416e+02   7.1692178e-03   1.2830782e-02   0.0000000e+00
   2.5006182e+03   3.0278872e+02   7.1500764e-03   1.2849924e-02   0.0000000e+00
   2.5115266e+03   3.0284332e+02   7.1309332e-03   1.2869067e-02   0.0000000e+00
   2.5224472e+03   3.0289796e+02   7.1117883e-03   1.2888212e-02   0.0000000e+00
   2.5333801e+03   3.0295265e+02   7.0926418e-03   1.2907358e-02   0.0000000e+00
   2.5443252e+03   3.0300737e+02   7.0734936e-03   1.2926506e-02   0.0000000e+00
   2.5552825e+03   3.0306214e+02   7.0543439e-03   1.2945656e-02   0.0000000e+00
   2.5662522e+03   3.0311694e+02   7.0351926e-03   1.2964807e-02   0.0000000e+00
   2.5772342e+03   3.0317179e+02   7.0160399e-03   1.2983960e-02   0.0000000e+00
   2.5882286e+03   3.0322668e+02   6.9968858e-03   1.3003114e-02   0.0000000e+00
   2.5992354e+03   3.0328161e+02   6.9777304e-03   1.3022270e-02   0.0000000e+00
   2.6102547e+03   3.0333657e+02   6.9585736e-03   1.3041426e-02   0.0000000e+00
   2.6212864e+03   3.0339158e+02   6.9394156e-03   1.3060584e-02   0.0000000e+00
   2.6323306e+03   3.0344664e+02   6.9202564e-03   1.3079744e-02   0.0000000e+00
   2.6433873e+03   3.0350173e+02   6.9010961e-03   1.3098904e-02   0.0000000e+00
   2.6544566e+03   3.0355686e+02   6.8819348e-03   1.3118065e-02   0.0000000e+00
   2.6655385e+03   3.0361203e+02   6.8627724e-03   1.3137228e-02   0.0000000e+00
   2.6766329e+03   3.0366725e+02   6.8436091e-03   1.3156391e-02   0.0000000e+00
   2.6877401e+03   3.0372250e+02   6.8244448e-03   1.3175555e-02   0.0000000e+00
   2.6988599e+03   3.0377779e+02   6.8052797e-03   1.3194720e-02   0.0000000e+00
   2.7099924e+03   3.0383313e+02   6.7861139e-03   1.3213886e-02   0.0000000e+00
   2.7211376e+03   3.0388850e+02   6.7669473e-03   1.3233053e-02   0.0000000e+00
   2.7322956e+03   3.0394392e+02   6.7477801e-03   1.3252220e-02   0.0000000e+00
   2.7434665e+03   3.0399937e+02   6.7286123e-03   1.3271388e-02   0.0000000e+00
   2.7546501e+03   3.0405487e+02   6.7094439e-03   1.3290556e-02   0.0000000e+00
   2.7658466e+03   3.0411041e+02   6.6902751e-03   1.3309725e-02   0.0000000e+00
   2.7770560e+03   3.0416598e+02   6.6711058e-03   1.3328894e-02   0.0000000e+00
   2.7882784e+03   3.0422160e+02   6.6519362e-03   1.3348064e-02   0.0000000e+00
   2.7995137e+03   3.0427725e+02   6.6327663e-03   1.3367234e-02   0.0000000e+00
   2.8107619e+03   3.0433295e+02   6.6135961e-03   1.3386404e-02   0.0000000e+00
   2.8220232e+03   3.0438868e+02   6.5944258e-03   1.3405574e-02   0.0000000e+00
   2.8332976e+03   3.0444446e+02   6.5752555e-03   1.3424745e-02   0.0000000e+00
   2.8445850e+03   3.0450027e+02   6.5560850e-03   1.3443915e-02   0.0000000e+00
   2.8558856e+03   3.0455612e+02   6.5369146e-03   1.3463085e-02   0.0000000e+00
   2.8671993e+03   3.0461202e+02   6.5177443e-03   1.3482256e-02   0.0000000e+00
   2.8785262e+03   3.0466795e+02   6.4985742e-03   1.3501426e-02   0.0000000e+00
   2.8898663e+03   3.0472392e+02   6.4794043e-03   1.3520596e-02   0.0000000e+00
   2.9012197e+03   3.0477993e+02   6.4602347e-03   1.3539765e-02   0.0000000e+00
   2.9125863e+03   3.0483598e+02   6.4410654e-03   1.3558935e-02   0.0000000e+00
   2.9239663e+03   3.0489207e+02   6.4218966e-03   1.3578103e-02   0.0000000e+00
   2.9353596e+03   3.0494820e+02   6.4027283e-03   1.3597272e-02   0.0000000e+00
   2.9467663e+03   3.0500437e+02   6.3835606e-03   1.3616439e-02   0.0000000e+00
   2.9581864e+03   3.0506058e+02   6.3643935e-03   1.3635607e-02   0.0000000e+00
   2.9696200e+03   3.0511682e+02   6.3452271e-03   1.3654773e-02   0.0000000e+00
   2.9810670e+03   3.0517310e+02   6.3260615e-03   1.3673938e-02   0.0000000e+00
   2.9925276e+03   3.0522943e+02   6.3068968e-03   1.3693103e-02   0.0000000e+00
   3.0040017e+03   3.0528579e+02   6.2877329e-03   1.3712267e-02   0.0000000e+00
   3.0154894e+03   3.0534219e+02   6.2685701e-03   1.3731430e-02   0.0000000e+00
   3.0269907e+03   3.0539863e+02   6.2494084e-03   1.3750592e-02   0.0000000e+00
   3.0385056e+03   3.0545510e+02   6.2302478e-03   1.3769752e-02   0.0000000e+00
   3.0500343e+03   3.0551162e+02   6.2110884e-03   1.3788912e-02   0.0000000e+00
   3.0615767e+03   3.0556817e+02   6.1919303e-03   1.3808070e-02   0.0000000e+00
   3.0731328e+03   3.0562476e+02   6.1727736e-03   1.3827226e-02   0.0000000e+00
   3.0847027e+03   3.0568139e+02   6.1536183e-03   1.3846382e-02   0.0000000e+00
   3.0962865e+03   3.0573805e+02   6.1344645e-03   1.3865535e-02   0.0000000e+00
   3.1078841e+03   3.0579476e+02   6.1153124e-03   1.3884688e-02   0.0000000e+00
   3.1194956e+03   3.0585150e+02   6.0961619e-03   1.3903838e-02   0.0000000e+00
   3.1311210e+03   3.0590828e+02   6.0770132e-03   1.3922987e-02   0.0000000e+00
   3.1427604e+03   3.0596509e+02   6.0578663e-03   1.3942134e-02   0.0000000e+00
   3.1544139e+03   3.0602195e+02   6.0387213e-03   1.3961279e-02   0.0000000e+00
   3.1660813e+03   3.0607884e+02   6.0195783e-03   1.3980422e-02   0.0000000e+00
   3.1777628e+03   3.0613577e+02   6.0004374e-03   1.3999563e-02   0.0000000e+00
   3.1894585e+03   3.0619273e+02   5.9812986e-03   1.4018701e-02   0.0000000e+00
   3.2011683e+03   3.0624973e+02   5.9621621e-03   1.4037838e-02   0.0000000e+00
   3.2128922e+03   3.0630677e+02   5.9430279e-03   1.4056972e-02   0.0000000e+00
   3.2246304e+03   3.0636385e+02   5.9238961e-03   1.4076104e-02   0.0000000e+00
   3.2363829e+03   3.0642096e+02   5.9047668e-03   1.4095233e-02   0.0000000e+00
   3.2481496e+03   3.0647811e+02   5.8856401e-03   1.4114360e-02   0.0000000e+00
   3.2599307e+03   3.0653529e+02   5.8665160e-03   1.4133484e-02   0.0000000e+00
   3.2717262e+03   3.0659252e+02   5.8473947e-03   1.4152605e-02   0.0000000e+00
   3.2835360e+03   3.0664977e+02   5.8282761e-03   1.4171724e-02   0.0000000e+00
   3.2953603e+03   3.0670707e+02   5.8091605e-03   1.4190839e-02   0.0000000e+00
   3.3071991e+03   3.0676440e+02   5.7900479e-03   1.4209952e-02   0.0000000e+00
   3.3190524e+03   3.0682176e+02   5.7709384e-03   1.4229062e-02   0.0000000e+00
   3.3309202e+03   3.0687916e+02   5.7518321e-03   1.4248168e-02   0.0000000e+00
   3.3428027e+03   3.0693660e+02   5.7327290e-03   1.4267271e-02   0.0000000e+00
   3.3546998e+03   3.0699407e+02   5.7136293e-03   1.4286371e-02   0.0000000e+00
   3.3666115e+03   3.0705158e+02   5.6945330e-03   1.4305467e-02   0.0000000e+00
   3.3785380e+03   3.0710912e+02   5.6754403e-03   1.4324560e-02   0.0000000e+00
   3.3904792e+03   3.0716669e+02   5.6563512e-03   1.4343649e-02   0.0000000e+00
   3.4024352e+03   3.0722431e+02   5.6372658e-03   1.4362734e-02   0.0000000e+00
   3.4144060e+03   3.0728195e+02   5.6181843e-03   1.4381816e-02   0.0000000e+00
   3.4263917e+03   3.0733963e+02   5.5991066e-03   1.4400893e-02   0.0000000e+00
   3.4383923e+03   3.0739735e+02   5.5800330e-03   1.4419967e-02   0.0000000e+00
   3.4504078e+03   3.0745510e+02   5.5609635e-03   1.4439037e-02   0.0000000e+00
   3.4624383e+03   3.0751288e+02   5.5418981e-03   1.4458102e-02   0.0000000e+00
   3.4744838e+03   3.0757070e+02   5.5228371e-03   1.4477163e-02   0.0000000e+00
   3.4865444e+03   3.0762855e+02   5.5037805e-03   1.4496220e-02   0.0000000e+00
   3.4986201e+03   3.0768644e+02   5.4847283e-03   1.4515272e-02   0.0000000e+00
   3.5107110e+03   3.0774436e+02   5.4656807e-03   1.4534319e-02   0.0000000e+00
   3.5228170e+03   3.0780231e+02   5.4466379e-03   1.4553362e-02   0.0000000e+00
   3.5349383e+03   3.0786030e+02   5.4275998e-03   1.4572400e-02   0.0000000e+00
   3.5470748e+03   3.0791831e+02   5.4085666e-03   1.4591433e-02   0.0000000e+00
   3.5592266e+03   3.0797637e+02   5.3895384e-03   1.4610462e-02   0.0000000e+00
   3.5713937e+03   3.0803445e+02   5.3705153e-03   1.4629485e-02   0.0000000e+00
   3.5835763e+03   3.0809257e+02   5.3514974e-03   1.4648503e-02   0.0000000e+00
   3.5957743e+03   3.0815072e+02   5.3324848e-03   1.4667515e-02   0.0000000e+00
   3.6079877e+03   3.0820890e+02   5.3134776e-03   1.4686522e-02   0.0000000e+00
   3.6202167e+03   3.0826711e+02   5.2944759e-03   1.4705524e-02   0.0000000e+00
   3.6324612e+03   3.0832536e+02   5.2754798e-03   1.4724520e-02   0.0000000e+00
   3.6447213e+03   3.0838364e+02   5.2564895e-03   1.4743511e-02   0.0000000e+00
   3.6569970e+03   3.0844195e+02   5.2375050e-03   1.4762495e-02   0.0000000e+00
   3.6692885e+03   3.0850029e+02   5.2185264e-03   1.4781474e-02   0.0000000e+00
   3.6815956e+03   3.0855866e+02   5.1995539e-03   1.4800446e-02   0.0000000e+00
   3.6939185e+03   3.0861706e+02   5.1805876e-03   1.4819412e-02   0.0000000e+00
   3.7062572e+03   3.0867550e+02   5.1616275e-03   1.4838372e-02   0.0000000e+00
   3.7186118e+03   3.0873396e+02   5.1426739e-03   1.4857326e-02   0.0000000e+00
   3.7309823e+03   3.0879246e+02   5.1237267e-03   1.4876273e-02   0.0000000e+00
   3.7433687e+03   3.0885099e+02   5.1047861e-03   1.4895214e-02   0.0000000e+00
   3.7557710e+03   3.0890954e+02   5.0858523e-03   1.4914148e-02   0.0000000e+00
   3.7681894e+03   3.0896813e+02   5.0669253e-03   1.4933075e-02   0.0000000e+00
   3.7806239e+03   3.0902674e+02   5.0480053e-03   1.4951995e-02   0.0000000e+00
   3.7930745e+03   3.0908539e+02   5.0290923e-03   1.4970908e-02   0.0000000e+00
   3.8055412e+03   3.0914407e+02   5.0101865e-03   1.4989813e-02   0.0000000e+00
   3.8180242e+03   3.0920277e+02   4.9912881e-03   1.5008712e-02   0.0000000e+00
   3.8305234e+03   3.0926150e+02   4.9723970e-03   1.5027603e-02   0.0000000e+00
   3.8430388e+03   3.0932026e+02   4.9535136e-03   1.5046486e-02   0.0000000e+00
   3.8555707e+03   3.0937905e+02   4.9346377e-03   1.5065362e-02   0.0000000e+00
   3.8681189e+03   3.0943787e+02   4.9157697e-03   1.5084230e-02   0.0000000e+00
   3.8806835e+03   3.0949672e+02   4.8969096e-03   1.5103090e-02   0.0000000e+00
   3.8932646e+03   3.0955560e+02   4.8780576e-03   1.5121942e-02   0.0000000e+00
   3.9058622e+03   3.0961450e+02   4.8592137e-03   1.5140786e-02   0.0000000e+00
   3.9184764e+03   3.0967343e+02   4.8403780e-03   1.5159622e-02   0.0000000e+00
   3.9311071e+03   3.0973239e+02   4.8215508e-03   1.5178449e-02   0.0000000e+00
   3.9437546e+03   3.0979137e+02   4.8027322e-03   1.5197268e-02   0.0000000e+00
   3.9564187e+03   3.0985038e+02   4.7839222e-03   1.5216078e-02   0.0000000e+00
   3.9690996e+03   3.0990942e+02   4.7651210e-03   1.5234879e-02   0.0000000e+00
   3.9817973e+03   3.0996849e+02   4.7463287e-03   1.5253671e-02   0.0000000e+00
   3.9945118e+03   3.1002758e+02   4.7275455e-03   1.5272454e-02   0.0000000e+00
   4.0072433e+03   3.1008669e+02   4.7087715e-03   1.5291229e-02   0.0000000e+00
   4.0199916e+03   3.1014584e+02   4.6900068e-03   1.5309993e-02   0.0000000e+00
   4.0327570e+03   3.1020500e+02   4.6712515e-03   1.5328748e-02   0.0000000e+00
   4.0455394e+03   3.1026420e+02   4.6525059e-03   1.5347494e-02   0.0000000e+00
   4.0583388e+03   3.1032342e+02   4.6337699e-03   1.5366230e-02   0.0000000e+00
   4.0711554e+03   3.1038266e+02   4.6150438e-03   1.5384956e-02   0.0000000e+00
   4.0839892e+03   3.1044193e+02   4.5963277e-03   1.5403672e-02   0.0000000e+00
   4.0968402e+03   3.1050122e+02   4.5776218e-03   1.5422378e-02   0.0000000e+00
   4.1097085e+03   3.1056053e+02   4.5589261e-03   1.5441074e-02   0.0000000e+00
   4.1225941e+03   3.1061987e+02   4.5402408e-03   1.5459759e-02   0.0000000e+00
   4.1354971e+03   3.1067923e+02   4.5215661e-03   1.5478434e-02   0.0000000e+00
   4.1484175e+03   3.1073862e+02   4.5029021e-03   1.5497098e-02   0.0000000e+00
   4.1613554e+03   3.1079803e+02   4.4842489e-03   1.5515751e-02   0.0000000e+00
   4.1743108e+03   3.1085746e+02   4.4656067e-03   1.5534393e-02   0.0000000e+00
   4.1872838e+03   3.1091691e+02   4.4469756e-03   1.5553024e-02   0.0000000e+00
   4.2002744e+03   3.1097639e+02   4.4283558e-03   1.5571644e-02   0.0000000e+00
   4.2132827e+03   3.1103589e+02   4.4097473e-03   1.5590253e-02   0.0000000e+00
   4.2263087e+03   3.1109541e+02   4.3911505e-03   1.5608850e-02   0.0000000e+00
   4.2393525e+03   3.1115495e+02   4.3725654e-03   1.5627435e-02   0.0000000e+00
   4.2524142e+03   3.1121451e+02   4.3539921e-03   1.5646008e-02   0.0000000e+00
   4.2654937e+03   3.1127409e+02   4.3354308e-03   1.5664569e-02   0.0000000e+00
   4.2785911e+03   3.1133370e+02   4.3168817e-03   1.5683118e-02   0.0000000e+00
   4.2917065e+03   3.1139332e+02   4.2983449e-03   1.5701655e-02   0.0000000e+00
   4.3048400e+03   3.1145296e+02   4.2798206e-03   1.5720179e-02   0.0000000e+00
   4.3179916e+03   3.1151262e+02   4.2613089e-03   1.5738691e-02   0.0000000e+00
   4.3311613e+03   3.1157230e+02   4.2428099e-03   1.5757190e-02   0.0000000e+00
   4.3443492e+03   3.1163201e+02   4.2243239e-03   1.5775676e-02   0.0000000e+00
   4.3575553e+03   3.1169172e+02   4.2058510e-03   1.5794149e-02   0.0000000e+00
   4.3707798e+03   3.1175146e+02   4.1873914e-03   1.5812609e-02   0.0000000e+00
   4.3840226e+03   3.1181122e+02   4.1689451e-03   1.5831055e-02   0.0000000e+00
   4.3972838e+03   3.1187099e+02   4.1505124e-03   1.5849488e-02   0.0000000e+00
   4.4105635e+03   3.1193078e+02   4.1320935e-03   1.5867907e-02   0.0000000e+00
   4.4238617e+03   3.1199059e+02   4.1136884e-03   1.5886312e-02   0.0000000e+00
   4.4371785e+03   3.1205041e+02   4.0952974e-03   1.5904703e-02   0.0000000e+00
   4.4505139e+03   3.1211025e+02   4.0769206e-03   1.5923079e-02   0.0000000e+00
   4.4638680e+03   3.1217011e+02   4.0585582e-03   1.5941442e-02   0.0000000e+00
   4.4772408e+03   3.1222998e+02   4.0402103e-03   1.5959790e-02   0.0000000e+00
   4.4906325e+03   3.1228987e+02   4.0218772e-03   1.5978123e-02   0.0000000e+00
   4.5040429e+03   3.1234977e+02   4.0035589e-03   1.5996441e-02   0.0000000e+00
   4.5174723e+03   3.1240969e+02   3.9852558e-03   1.6014744e-02   0.0000000e+00
   4.5309207e+03   3.1246962e+02   3.9669678e-03   1.6033032e-02   0.0000000e+00
   4.5443881e+03   3.1252957e+02   3.9486952e-03   1.6051305e-02   0.0000000e+00
   4.5578745e+03   3.1258953e+02   3.9304382e-03   1.6069562e-02   0.0000000e+00
   4.5713801e+03   3.1264950e+02   3.9121970e-03   1.6087803e-02   0.0000000e+00
   4.5849049e+03   3.1270949e+02   3.8939717e-03   1.6106028e-02   0.0000000e+00
   4.5984489e+03   3.1276949e+02   3.8757624e-03   1.6124238e-02   0.0000000e+00
   4.6120122e+03   3.1282950e+02   3.8575695e-03   1.6142431e-02   0.0000000e+00
   4.6255949e+03   3.1288952e+02   3.8393930e-03   1.6160607e-02   0.0000000e+00
   4.6391971e+03   3.1294955e+02   3.8212331e-03   1.6178767e-02   0.0000000e+00
   4.6528187e+03   3.1300960e+02   3.8030901e-03   1.6196910e-02   0.0000000e+00
   4.6664598e+03   3.1306966e+02   3.7849641e-03   1.6215036e-02   0.0000000e+00
   4.6801206e+03   3.1312972e+02   3.7668552e-03   1.6233145e-02   0.0000000e+00
   4.6938010e+03   3.1318980e+02   3.7487637e-03   1.6251236e-02   0.0000000e+00
   4.7075011e+03   3.1324988e+02   3.7306897e-03   1.6269310e-02   0.0000000e+00
   4.7212210e+03   3.1330998e+02   3.7126335e-03   1.6287366e-02   0.0000000e+00
   4.7349608e+03   3.1337008e+02   3.6945952e-03   1.6305405e-02   0.0000000e+00
   4.7487204e+03   3.1343020e+02   3.6765750e-03   1.6323425e-02   0.0000000e+00
   4.7625001e+03   3.1349032e+02   3.6585731e-03   1.6341427e-02   0.0000000e+00
   4.7762997e+03   3.1355044e+02   3.6405897e-03   1.6359410e-02   0.0000000e+00
   4.7901194e+03   3.1361058e+02   3.6226250e-03   1.6377375e-02   0.0000000e+00
   4.8039593e+03   3.1367072e+02   3.6046792e-03   1.6395321e-02   0.0000000e+00
   4.8178194e+03   3.1373087e+02   3.5867524e-03   1.6413248e-02   0.0000000e+00
   4.8316998e+03   3.1379102e+02   3.5688449e-03   1.6431155e-02   0.0000000e+00
   4.8456005e+03   3.1385118e+02   3.5509569e-03   1.6449043e-02   0.0000000e+00
   4.8595216e+03   3.1391135e+02   3.5330885e-03   1.6466912e-02   0.0000000e+00
   4.8734631e+03   3.1397152e+02   3.5152399e-03   1.6484760e-02   0.0000000e+00
   4.8874252e+03   3.1403169e+02   3.4974115e-03   1.6502589e-02   0.0000000e+00
   4.9014079e+03   3.1409187e+02   3.4796033e-03   1.6520397e-02   0.0000000e+00
   4.9154112e+03   3.1415205e+02   3.4618155e-03   1.6538184e-02   0.0000000e+00
   4.9294352e+03   3.1421223e+02   3.4440484e-03   1.6555952e-02   0.0000000e+00
   4.9434800e+03   3.1427242e+02   3.4263022e-03   1.6573698e-02   0.0000000e+00
   4.9575457e+03   3.1433261e+02   3.4085770e-03   1.6591423e-02   0.0000000e+00
   4.9716323e+03   3.1439280e+02   3.3908732e-03   1.6609127e-02   0.0000000e+00
   4.9857398e+03   3.1445299e+02   3.3731908e-03   1.6626809e-02   0.0000000e+00
   4.9998684e+03   3.1451318e+02   3.3555301e-03   1.6644470e-02   0.0000000e+00
   5.0140182e+03   3.1457337e+02   3.3378913e-03   1.6662109e-02   0.0000000e+00
   5.0281890e+03   3.1463356e+02   3.3202747e-03   1.6679725e-02   0.0000000e+00
   5.0423812e+03   3.1469375e+02   3.3026803e-03   1.6697320e-02   0.0000000e+00
   5.0565946e+03   3.1475394e+02   3.2851085e-03   1.6714891e-02   0.0000000e+00
   5.0708294e+03   3.1481413e+02   3.2675595e-03   1.6732441e-02   0.0000000e+00
   5.0850857e+03   3.1487431e+02   3.2500334e-03   1.6749967e-02   0.0000000e+00
   5.0993635e+03   3.1493449e+02   3.2325306e-03   1.6767469e-02   0.0000000e+00
   5.1136629e+03   3.1499467e+02   3.2150511e-03   1.6784949e-02   0.0000000e+00
   5.1279839e+03   3.1505485e+02   3.1975953e-03   1.6802405e-02   0.0000000e+00
   5.1423266e+03   3.1511502e+02   3.1801633e-03   1.6819837e-02   0.0000000e+00
   5.1566912e+03   3.1517519e+02   3.1627554e-03   1.6837245e-02   0.0000000e+00
   5.1710776e+03   3.1523535e+02   3.1453718e-03   1.6854628e-02   0.0000000e+00
   5.1854859e+03   3.1529550e+02   3.1280127e-03   1.6871987e-02   0.0000000e+00
   5.1999162e+03   3.1535565e+02   3.1106783e-03   1.6889322e-02   0.0000000e+00
   5.2143687e+03   3.1541579e+02   3.0933689e-03   1.6906631e-02   0.0000000e+00
   5.2288432e+03   3.1547593e+02   3.0760847e-03   1.6923915e-02   0.0000000e+00
   5.2433400e+03   3.1553606e+02   3.0588259e-03   1.6941174e-02   0.0000000e+00
   5.2578590e+03   3.1559618e+02   3.0415928e-03   1.6958407e-02   0.0000000e+00
   5.2724005e+03   3.1565629e+02   3.0243856e-03   1.6975614e-02   0.0000000e+00
   5.2869643e+03   3.1571639e+02   3.0072044e-03   1.6992796e-02   0.0000000e+00
   5.3015507e+03   3.1577648e+02   2.9900497e-03   1.7009950e-02   0.0000000e+00
   5.3161596e+03   3.1583656e+02   2.9729215e-03   1.7027079e-02   0.0000000e+00
   5.3307912e+03   3.1589663e+02   2.9558201e-03   1.7044180e-02   0.0000000e+00
   5.3454455e+03   3.1595669e+02   2.9387458e-03   1.7061254e-02   0.0000000e+00
   5.3601227e+03   3.1601673e+02   2.9216987e-03   1.7078301e-02   0.0000000e+00
   5.3748227e+03   3.1607676e+02   2.9046792e-03   1.7095321e-02   0.0000000e+00
   5.3895456e+03   3.1613678e+02   2.8876875e-03   1.7112313e-02   0.0000000e+00
   5.4042916e+03   3.1619679e+02   2.8707238e-03   1.7129276e-02   0.0000000e+00
   5.4190607e+03   3.1625678e+02   2.8537883e-03   1.7146212e-02   0.0000000e+00
   5.4338530e+03   3.1631676e+02   2.8368813e-03   1.7163119e-02   0.0000000e+00
   5.4486686e+03   3.1637672e+02   2.8200031e-03   1.7179997e-02   0.0000000e+00
   5.4635074e+03   3.1643666e+02   2.8031538e-03   1.7196846e-02   0.0000000e+00
   5.4783697e+03   3.1649659e+02   2.7863338e-03   1.7213666e-02   0.0000000e+00
   5.4932555e+03   3.1655650e+02   2.7695433e-03   1.7230457e-02   0.0000000e+00
   5.5081649e+03   3.1661639e+02   2.7527824e-03   1.7247218e-02   0.0000000e+00
   5.5230979e+03   3.1667627e+02   2.7360516e-03   1.7263948e-02   0.0000000e+00
   5.5380546e+03   3.1673612e+02   2.7193510e-03   1.7280649e-02   0.0000000e+00
   5.5530351e+03   3.1679596e+02   2.7026808e-03   1.7297319e-02   0.0000000e+00
   5.5680395e+03   3.1685577e+02   2.6860414e-03   1.7313959e-02   0.0000000e+00
   5.5830679e+03   3.1691557e+02   2.6694330e-03   1.7330567e-02   0.0000000e+00
   5.5981204e+03   3.1697534e+02   2.6528558e-03   1.7347144e-02   0.0000000e+00
   5.6131970e+03   3.1703509e+02   2.6363101e-03   1.7363690e-02   0.0000000e+00
   5.6282977e+03   3.1709482e+02   2.6197961e-03   1.7380204e-02   0.0000000e+00
   5.6434228e+03   3.1715452e+02   2.6033142e-03   1.7396686e-02   0.0000000e+00
   5.6585723e+03   3.1721420e+02   2.5868645e-03   1.7413136e-02   0.0000000e+00
   5.6737462e+03   3.1727386e+02   2.5704473e-03   1.7429553e-02   0.0000000e+00
   5.6889447e+03   3.1733349e+02   2.5540629e-03   1.7445937e-02   0.0000000e+00
   5.7041678e+03   3.1739309e+02   2.5377116e-03   1.7462288e-02   0.0000000e+00
   5.7194156e+03   3.1745267e+02   2.5213936e-03   1.7478606e-02   0.0000000e+00
   5.7346882e+03   3.1751222e+02   2.5051091e-03   1.7494891e-02   0.0000000e+00
   5.7499857e+03   3.1757174e+02   2.4888585e-03   1.7511141e-02   0.0000000e+00
   5.7653081e+03   3.1763124e+02   2.4726420e-03   1.7527358e-02   0.0000000e+00
   5.7806556e+03   3.1769070e+02   2.4564598e-03   1.7543540e-02   0.0000000e+00
   5.7960283e+03   3.1775014e+02   2.4403123e-03   1.7559688e-02   0.0000000e+00
   5.8114262e+03   3.1780954e+02   2.4241997e-03   1.7575800e-02   0.0000000e+00
   5.8268494e+03   3.1786891e+02   2.4081223e-03   1.7591878e-02   0.0000000e+00
   5.8422980e+03   3.1792825e+02   2.3920803e-03   1.7607920e-02   0.0000000e+00
   5.8577721e+03   3.1798756e+02   2.3760740e-03   1.7623926e-02   0.0000000e+00
   5.8732717e+03   3.1804684e+02   2.3601037e-03   1.7639896e-02   0.0000000e+00
   5.8887971e+03   3.1810608e+02   2.3441696e-03   1.7655830e-02   0.0000000e+00
   5.9043482e+03   3.1816528e+02   2.3282721e-03   1.7671728e-02   0.0000000e+00
   5.9199251e+03   3.1822445e+02   2.3124113e-03   1.7687589e-02   0.0000000e+00
   5.9355280e+03   3.1828359e+02   2.2965876e-03   1.7703412e-02   0.0000000e+00
   5.9511569e+03   3.1834269e+02   2.2808013e-03   1.7719199e-02   0.0000000e+00
   5.9668120e+03   3.1840175e+02   2.2650526e-03   1.7734947e-02   0.0000000e+00
   5.9824933e+03   3.1846077e+02   2.2493418e-03   1.7750658e-02   0.0000000e+00
   5.9982008e+03   3.1851976e+02   2.2336692e-03   1.7766331e-02   0.0000000e+00
   6.0139348e+03   3.1857870e+02   2.2180350e-03   1.7781965e-02   0.0000000e+00
   6.0296953e+03   3.1863760e+02   2.2024396e-03   1.7797560e-02   0.0000000e+00
   6.0454824e+03   3.1869647e+02   2.1868832e-03   1.7813117e-02   0.0000000e+00
   6.0612961e+03   3.1875529e+02   2.1713661e-03   1.7828634e-02   0.0000000e+00
   6.0771367e+03   3.1881407e+02   2.1558885e-03   1.7844111e-02   0.0000000e+00
   6.0930041e+03   3.1887280e+02   2.1404508e-03   1.7859549e-02   0.0000000e+00
   6.1088985e+03   3.1893149e+02   2.1250532e-03   1.7874947e-02   0.0000000e+00
   6.1248199e+03   3.1899014e+02   2.1096961e-03   1.7890304e-02   0.0000000e+00
   6.1407686e+03   3.1904874e+02   2.0943796e-03   1.7905620e-02   0.0000000e+00
   6.1567445e+03   3.1910730e+02   2.0791041e-03   1.7920896e-02   0.0000000e+00
   6.1727477e+03   3.1916581e+02   2.0638699e-03   1.7936130e-02   0.0000000e+00
   6.1887785e+03   3.1922427e+02   2.0486773e-03   1.7951323e-02   0.0000000e+00
   6.2048368e+03   3.1928268e+02   2.0335265e-03   1.7966474e-02   0.0000000e+00
   6.2209227e+03   3.1934105e+02   2.0184177e-03   1.7981582e-02   0.0000000e+00
   6.2370364e+03   3.1939936e+02   2.0033514e-03   1.7996649e-02   0.0000000e+00
   6.2531780e+03   3.1945763e+02   1.9883278e-03   1.8011672e-02   0.0000000e+00
   6.2693476e+03   3.1951584e+02   1.9733472e-03   1.8026653e-02   0.0000000e+00
   6.2855452e+03   3.1957400e+02   1.9584098e-03   1.8041590e-02   0.0000000e+00
   6.3017711e+03   3.1963211e+02   1.9435159e-03   1.8056484e-02   0.0000000e+00
   6.3180251e+03   3.1969016e+02   1.9286659e-03   1.8071334e-02   0.0000000e+00
   6.3343076e+03   3.1974816e+02   1.9138601e-03   1.8086140e-02   0.0000000e+00
   6.3506186e+03   3.1980611e+02   1.8990986e-03   1.8100901e-02   0.0000000e+00
   6.3669582e+03   3.1986400e+02   1.8843818e-03   1.8115618e-02   0.0000000e+00
   6.3833264e+03   3.1992183e+02   1.8697100e-03   1.8130290e-02   0.0000000e+00
   6.3997235e+03   3.1997960e+02   1.8550834e-03   1.8144917e-02   0.0000000e+00
   6.4161495e+03   3.2003732e+02   1.8405025e-03   1.8159498e-02   0.0000000e+00
   6.4326045e+03   3.2009498e+02   1.8259673e-03   1.8174033e-02   0.0000000e+00
   6.4490886e+03   3.2015258e+02   1.8114783e-03   1.8188522e-02   0.0000000e+00
   6.4656020e+03   3.2021012e+02   1.7970357e-03   1.8202964e-02   0.0000000e+00
   6.4821447e+03   3.2026759e+02   1.7826398e-03   1.8217360e-02   0.0000000e+00
   6.4987169e+03   3.2032501e+02   1.7682910e-03   1.8231709e-02   0.0000000e+00
   6.5153187e+03   3.2038236e+02   1.7539893e-03   1.8246011e-02   0.0000000e+00
   6.5319502e+03   3.2043965e+02   1.7397353e-03   1.8260265e-02   0.0000000e+00
   6.5486114e+03   3.2049687e+02   1.7255291e-03   1.8274471e-02   0.0000000e+00
   6.5653026e+03   3.2055403e+02   1.7113711e-03   1.8288629e-02   0.0000000e+00
   6.5820238e+03   3.2061113e+02   1.6972614e-03   1.8302739e-02   0.0000000e+00
   6.5987751e+03   3.2066815e+02   1.6832005e-03   1.8316799e-02   0.0000000e+00
   6.6155567e+03   3.2072511e+02   1.6691886e-03   1.8330811e-02   0.0000000e+00
   6.6323687e+03   3.2078200e+02   1.6552260e-03   1.8344774e-02   0.0000000e+00
   6.6492111e+03   3.2083882e+02   1.6413130e-03   1.8358687e-02   0.0000000e+00
   6.6660842e+03   3.2089558e+02   1.6274498e-03   1.8372550e-02   0.0000000e+00
   6.6829880e+03   3.2095226e+02   1.6136367e-03   1.8386363e-02   0.0000000e+00
   6.6999226e+03   3.2100887e+02   1.5998741e-03   1.8400126e-02   0.0000000e+00
   6.7168882e+03   3.2106541e+02   1.5861621e-03   1.8413838e-02   0.0000000e+00
   6.7338848e+03   3.2112187e+02   1.5725012e-03   1.8427499e-02   0.0000000e+00
   6.7509127e+03   3.2117826e+02   1.5588915e-03   1.8441108e-02   0.0000000e+00
   6.7679719e+03   3.2123458e+02   1.5453334e-03   1.8454667e-02   0.0000000e+00
   6.7850626e+03   3.2129082e+02   1.5318271e-03   1.8468173e-02   0.0000000e+00
   6.8021848e+03   3.2134699e+02   1.5183729e-03   1.8481627e-02   0.0000000e+00
   6.8193387e+03   3.2140308e+02   1.5049711e-03   1.8495029e-02   0.0000000e+00
   6.8365244e+03   3.2145909e+02   1.4916220e-03   1.8508378e-02   0.0000000e+00
   6.8537421e+03   3.2151502e+02   1.4783258e-03   1.8521674e-02   0.0000000e+00
   6.8709919e+03   3.2157087e+02   1.4650829e-03   1.8534917e-02   0.0000000e+00
   6.8882738e+03   3.2162665e+02   1.4518934e-03   1.8548107e-02   0.0000000e+00
   6.9055881e+03   3.2168234e+02   1.4387577e-03   1.8561242e-02   0.0000000e+00
   6.9229349e+03   3.2173795e+02   1.4256760e-03   1.8574324e-02   0.0000000e+00
   6.9403142e+03   3.2179348e+02   1.4126487e-03   1.8587351e-02   0.0000000e+00
   6.9577262e+03   3.2184893e+02   1.3996759e-03   1.8600324e-02   0.0000000e+00
   6.9751711e+03   3.2190429e+02   1.3867581e-03   1.8613242e-02   0.0000000e+00
   6.9926490e+03   3.2195957e+02   1.3738953e-03   1.8626105e-02   0.0000000e+00
   7.0101600e+03   3.2201477e+02   1.3610879e-03   1.8638912e-02   0.0000000e+00
   7.0277042e+03   3.2206987e+02   1.3483362e-03   1.8651664e-02   0.0000000e+00
   7.0452818e+03   3.2212489e+02   1.3356404e-03   1.8664360e-02   0.0000000e+00
   7.0628930e+03   3.2217983e+02   1.3230007e-03   1.8676999e-02   0.0000000e+00
   7.0805378e+03   3.2223467e+02   1.3104175e-03   1.8689582e-02   0.0000000e+00
   7.0982163e+03   3.2228943e+02   1.2978911e-03   1.8702109e-02   0.0000000e+00
   7.1159288e+03   3.2234409e+02   1.2854215e-03   1.8714578e-02   0.0000000e+00
   7.1336754e+03   3.2239867e+02   1.2730092e-03   1.8726991e-02   0.0000000e+00
   7.1514562e+03   3.2245316e+02   1.2606544e-03   1.8739346e-02   0.0000000e+00
   7.1692714e+03   3.2250755e+02   1.2483573e-03   1.8751643e-02   0.0000000e+00
   7.1871210e+03   3.2256185e+02   1.2361181e-03   1.8763882e-02   0.0000000e+00
   7.2050052e+03   3.2261606e+02   1.2239372e-03   1.8776063e-02   0.0000000e+00
   7.2229243e+03   3.2267017e+02   1.2118148e-03   1.8788185e-02   0.0000000e+00
   7.2408782e+03   3.2272419e+02   1.1997511e-03   1.8800249e-02   0.0000000e+00
   7.2588673e+03   3.2277811e+02   1.1877463e-03   1.8812254e-02   0.0000000e+00
   7.2768915e+03   3.2283194e+02   1.1758007e-03   1.8824199e-02   0.0000000e+00
   7.2949511e+03   3.2288567e+02   1.1639146e-03   1.8836085e-02   0.0000000e+00
   7.3130463e+03   3.2293930e+02   1.1520881e-03   1.8847912e-02   0.0000000e+00
   7.3311770e+03   3.2299283e+02   1.1403216e-03   1.8859678e-02   0.0000000e+00
   7.3493436e+03   3.2304627e+02   1.1286152e-03   1.8871385e-02   0.0000000e+00
   7.3675462e+03   3.2309960e+02   1.1169691e-03   1.8883031e-02   0.0000000e+00
   7.3857849e+03   3.2315284e+02   1.1053837e-03   1.8894616e-02   0.0000000e+00
   7.4040598e+03   3.2320597e+02   1.0938591e-03   1.8906141e-02   0.0000000e+00
   7.4223712e+03   3.2325901e+02   1.0823955e-03   1.8917605e-02   0.0000000e+00
   7.4407191e+03   3.2331194e+02   1.0709932e-03   1.8929007e-02   0.0000000e+00
   7.4591038e+03   3.2336476e+02   1.0596523e-03   1.8940348e-02   0.0000000e+00
   7.4775254e+03   3.2341749e+02   1.0483732e-03   1.8951627e-02   0.0000000e+00
   7.4959840e+03   3.2347011e+02   1.0371559e-03   1.8962844e-02   0.0000000e+00
   7.5144799e+03   3.2352262e+02   1.0260008e-03   1.8973999e-02   0.0000000e+00
   7.5330131e+03   3.2357504e+02   1.0149080e-03   1.8985092e-02   0.0000000e+00
   7.5515838e+03   3.2362734e+02   1.0038776e-03   1.8996122e-02   0.0000000e+00
   7.5701923e+03   3.2367954e+02   9.9291006e-04   1.9007090e-02   0.0000000e+00
   7.5888386e+03   3.2373163e+02   9.8200539e-04   1.9017995e-02   0.0000000e+00
   7.6075230e+03   3.2378361e+02   9.7116382e-04   1.9028836e-02   0.0000000e+00
   7.6262456e+03   3.2383549e+02   9.6038555e-04   1.9039614e-02   0.0000000e+00
   7.6450065e+03   3.2388726e+02   9.4967076e-04   1.9050329e-02   0.0000000e+00
   7.6638060e+03   3.2393891e+02   9.3901963e-04   1.9060980e-02   0.0000000e+00
   7.6826441e+03   3.2399046e+02   9.2843235e-04   1.9071568e-02   0.0000000e+00
   7.7015212e+03   3.2404190e+02   9.1790909e-04   1.9082091e-02   0.0000000e+00
   7.7204373e+03   3.2409323e+02   9.0745003e-04   1.9092550e-02   0.0000000e+00
   7.7393926e+03   3.2414444e+02   8.9705532e-04   1.9102945e-02   0.0000000e+00
   7.7583873e+03   3.2419554e+02   8.8672514e-04   1.9113275e-02   0.0000000e+00
   7.7774217e+03   3.2424654e+02   8.7645966e-04   1.9123540e-02   0.0000000e+00
   7.7964957e+03   3.2429741e+02   8.6625902e-04   1.9133741e-02   0.0000000e+00
   7.8156097e+03   3.2434818e+02   8.5612338e-04   1.9143877e-02   0.0000000e+00
   7.8347639e+03   3.2439883e+02   8.4605289e-04   1.9153947e-02   0.0000000e+00
   7.8539583e+03   3.2444937e+02   8.3604770e-04   1.9163952e-02   0.0000000e+00
   7.8731932e+03   3.2449979e+02   8.2610795e-04   1.9173892e-02   0.0000000e+00
   7.8924688e+03   3.2455010e+02   8.1623378e-04   1.9183766e-02   0.0000000e+00
   7.9117852e+03   3.2460029e+02   8.0642532e-04   1.9193575e-02   0.0000000e+00
   7.9311427e+03   3.2465037e+02   7.9668270e-04   1.9203317e-02   0.0000000e+00
   7.9505414e+03   3.2470033e+02   7.8700605e-04   1.9212994e-02   0.0000000e+00
   7.9699816e+03   3.2475018e+02   7.7739549e-04   1.9222605e-02   0.0000000e+00
   7.9894633e+03   3.2479990e+02   7.6785114e-04   1.9232149e-02   0.0000000e+00
   8.0089869e+03   3.2484951e+02   7.5837311e-04   1.9241627e-02   0.0000000e+00
   8.0285524e+03   3.2489901e+02   7.4896150e-04   1.9251038e-02   0.0000000e+00
   8.0481602e+03   3.2494838e+02   7.3961643e-04   1.9260384e-02   0.0000000e+00
   8.0678103e+03   3.2499764e+02   7.3033799e-04   1.9269662e-02   0.0000000e+00
   8.0875031e+03   3.2504678e+02   7.2112628e-04   1.9278874e-02   0.0000000e+00
   8.1072386e+03   3.2509580e+02   7.1198138e-04   1.9288019e-02   0.0000000e+00
   8.1270172e+03   3.2514470e+02   7.0290338e-04   1.9297097e-02   0.0000000e+00
   8.1468389e+03   3.2519349e+02   6.9389237e-04   1.9306108e-02   0.0000000e+00
   8.1667041e+03   3.2524215e+02   6.8494841e-04   1.9315052e-02   0.0000000e+00
   8.1866128e+03   3.2529069e+02   6.7607158e-04   1.9323928e-02   0.0000000e+00
   8.2065654e+03   3.2533912e+02   6.6726194e-04   1.9332738e-02   0.0000000e+00
   8.2265621e+03   3.2538742e+02   6.5851956e-04   1.9341480e-02   0.0000000e+00
   8.2466030e+03   3.2543561e+02   6.4984450e-04   1.9350156e-02   0.0000000e+00
   8.2666883e+03   3.2548367e+02   6.4123679e-04   1.9358763e-02   0.0000000e+00
   8.2868183e+03   3.2553162e+02   6.3269650e-04   1.9367304e-02   0.0000000e+00
   8.3069932e+03   3.2557944e+02   6.2422365e-04   1.9375776e-02   0.0000000e+00
   8.3272133e+03   3.2562714e+02   6.1581829e-04   1.9384182e-02   0.0000000e+00
   8.3474786e+03   3.2567473e+02   6.0748045e-04   1.9392520e-02   0.0000000e+00
   8.3677895e+03   3.2572219e+02   5.9921014e-04   1.9400790e-02   0.0000000e+00
   8.3881462e+03   3.2576953e+02   5.9100740e-04   1.9408993e-02   0.0000000e+00
   8.4085489e+03   3.2581676e+02   5.8287223e-04   1.9417128e-02   0.0000000e+00
   8.4289979e+03   3.2586386e+02   5.7480465e-04   1.9425195e-02   0.0000000e+00
   8.4494933e+03   3.2591084e+02   5.6680465e-04   1.9433195e-02   0.0000000e+00
   8.4700354e+03   3.2595770e+02   5.5887224e-04   1.9441128e-02   0.0000000e+00
   8.4906244e+03   3.2600444e+02   5.5100741e-04   1.9448993e-02   0.0000000e+00
   8.5112606e+03   3.2605106e+02   5.4321015e-04   1.9456790e-02   0.0000000e+00
   8.5319442e+03   3.2609756e+02   5.3548043e-04   1.9464520e-02   0.0000000e+00
   8.5526754e+03   3.2614394e+02   5.2781824e-04   1.9472182e-02   0.0000000e+00
   8.5734545e+03   3.2619020e+02   5.2022355e-04   1.9479776e-02   0.0000000e+00
   8.5942818e+03   3.2623634e+02   5.1269631e-04   1.9487304e-02   0.0000000e+00
   8.6151574e+03   3.2628236e+02   5.0523649e-04   1.9494764e-02   0.0000000e+00
   8.6360816e+03   3.2632826e+02   4.9784405e-04   1.9502156e-02   0.0000000e+00
   8.6570547e+03   3.2637404e+02   4.9051893e-04   1.9509481e-02   0.0000000e+00
   8.6780769e+03   3.2641971e+02   4.8326107e-04   1.9516739e-02   0.0000000e+00
   8.6991485e+03   3.2646525e+02   4.7607041e-04   1.9523930e-02   0.0000000e+00
   8.7202698e+03   3.2651068e+02   4.6894688e-04   1.9531053e-02   0.0000000e+00
   8.7414409e+03   3.2655599e+02   4.6189040e-04   1.9538110e-02   0.0000000e+00
   8.7626622e+03   3.2660118e+02   4.5490090e-04   1.9545099e-02   0.0000000e+00
   8.7839339e+03   3.2664625e+02   4.4797829e-04   1.9552022e-02   0.0000000e+00
   8.8052562e+03   3.2669121e+02   4.4112247e-04   1.9558878e-02   0.0000000e+00
   8.8266295e+03   3.2673605e+02   4.3433334e-04   1.9565667e-02   0.0000000e+00
   8.8480541e+03   3.2678077e+02   4.2761081e-04   1.9572389e-02   0.0000000e+00
   8.8695301e+03   3.2682538e+02   4.2095476e-04   1.9579045e-02   0.0000000e+00
   8.8910578e+03   3.2686987e+02   4.1436508e-04   1.9585635e-02   0.0000000e+00
   8.9126376e+03   3.2691425e+02   4.0784164e-04   1.9592158e-02   0.0000000e+00
   8.9342698e+03   3.2695851e+02   4.0138432e-04   1.9598616e-02   0.0000000e+00
   8.9559545e+03   3.2700267e+02   3.9499298e-04   1.9605007e-02   0.0000000e+00
   8.9776921e+03   3.2704670e+02   3.8866748e-04   1.9611333e-02   0.0000000e+00
   8.9994829e+03   3.2709063e+02   3.8240768e-04   1.9617592e-02   0.0000000e+00
   9.0213271e+03   3.2713444e+02   3.7621343e-04   1.9623787e-02   0.0000000e+00
   9.0432251e+03   3.2717814e+02   3.7008457e-04   1.9629915e-02   0.0000000e+00
   9.0651772e+03   3.2722173e+02   3.6402094e-04   1.9635979e-02   0.0000000e+00
   9.0871836e+03   3.2726522e+02   3.5802236e-04   1.9641978e-02   0.0000000e+00
   9.1092446e+03   3.2730859e+02   3.5208867e-04   1.9647911e-02   0.0000000e+00
   9.1313606e+03   3.2735185e+02   3.4621968e-04   1.9653780e-02   0.0000000e+00
   9.1535318e+03   3.2739501e+02   3.4041520e-04   1.9659585e-02   0.0000000e+00
   9.1757586e+03   3.2743806e+02   3.3467506e-04   1.9665325e-02   0.0000000e+00
   9.1980412e+03   3.2748100e+02   3.2899904e-04   1.9671001e-02   0.0000000e+00
   9.2203801e+03   3.2752384e+02   3.2338694e-04   1.9676613e-02   0.0000000e+00
   9.2427754e+03   3.2756657e+02   3.1783857e-04   1.9682161e-02   0.0000000e+00
   9.2652276e+03   3.2760920e+02   3.1235369e-04   1.9687646e-02   0.0000000e+00
   9.2877369e+03   3.2765172e+02   3.0693209e-04   1.9693068e-02   0.0000000e+00
   9.3103037e+03   3.2769415e+02   3.0157354e-04   1.9698426e-02   0.0000000e+00
   9.3329283e+03   3.2773647e+02   2.9627782e-04   1.9703722e-02   0.0000000e+00
   9.3556111e+03   3.2777869e+02   2.9104469e-04   1.9708955e-02   0.0000000e+00
   9.3783523e+03   3.2782082e+02   2.8587389e-04   1.9714126e-02   0.0000000e+00
   9.4011523e+03   3.2786285e+02   2.8076519e-04   1.9719235e-02   0.0000000e+00
   9.4240114e+03   3.2790478e+02   2.7571833e-04   1.9724282e-02   0.0000000e+00
   9.4469301e+03   3.2794661e+02   2.7073305e-04   1.9729267e-02   0.0000000e+00
   9.4699086e+03   3.2798835e+02   2.6580909e-04   1.9734191e-02   0.0000000e+00
   9.4929473e+03   3.2802999e+02   2.6094618e-04   1.9739054e-02   0.0000000e+00
   9.5160466e+03   3.2807155e+02   2.5614403e-04   1.9743856e-02   0.0000000e+00
   9.5392067e+03   3.2811301e+02   2.5140238e-04   1.9748598e-02   0.0000000e+00
   9.5624282e+03   3.2815438e+02   2.4672094e-04   1.9753279e-02   0.0000000e+00
   9.5857112e+03   3.2819567e+02   2.4209941e-04   1.9757901e-02   0.0000000e+00
   9.6090563e+03   3.2823686e+02   2.3753750e-04   1.9762463e-02   0.0000000e+00
   9.6324638e+03   3.2827797e+02   2.3303490e-04   1.9766965e-02   0.0000000e+00
   9.6559340e+03   3.2831899e+02   2.2859132e-04   1.9771409e-02   0.0000000e+00
   9.6794674e+03   3.2835993e+02   2.2420645e-04   1.9775794e-02   0.0000000e+00
   9.7030643e+03   3.2840079e+02   2.1987995e-04   1.9780120e-02   0.0000000e+00
   9.7267251e+03   3.2844157e+02   2.1561153e-04   1.9784388e-02   0.0000000e+00
   9.7504502e+03   3.2848227e+02   2.1140085e-04   1.9788599e-02   0.0000000e+00
   9.7742400e+03   3.2852289e+02   2.0724757e-04   1.9792752e-02   0.0000000e+00
   9.7980949e+03   3.2856343e+02   2.0315138e-04   1.9796849e-02   0.0000000e+00
   9.8220153e+03   3.2860390e+02   1.9911192e-04   1.9800888e-02   0.0000000e+00
   9.8460017e+03   3.2864429e+02   1.9512886e-04   1.9804871e-02   0.0000000e+00
   9.8700543e+03   3.2868461e+02   1.9120184e-04   1.9808798e-02   0.0000000e+00
   9.8941738e+03   3.2872486e+02   1.8733052e-04   1.9812669e-02   0.0000000e+00
   9.9183603e+03   3.2876504e+02   1.8351454e-04   1.9816485e-02   0.0000000e+00
   9.9426145e+03   3.2880516e+02   1.7975353e-04   1.9820246e-02   0.0000000e+00
   9.9669367e+03   3.2884521e+02   1.7604714e-04   1.9823953e-02   0.0000000e+00
   9.9913273e+03   3.2888519e+02   1.7239499e-04   1.9827605e-02   0.0000000e+00
   1.0015787e+04   3.2892511e+02   1.6879672e-04   1.9831203e-02   0.0000000e+00
   1.0040316e+04   3.2896497e+02   1.6525194e-04   1.9834748e-02   0.0000000e+00
   1.0064914e+04   3.2900478e+02   1.6176028e-04   1.9838240e-02   0.0000000e+00
   1.0089583e+04   3.2904452e+02   1.5832134e-04   1.9841679e-02   0.0000000e+00
   1.0114323e+04   3.2908421e+02   1.5493476e-04   1.9845065e-02   0.0000000e+00
   1.0139134e+04   3.2912384e+02   1.5160012e-04   1.9848400e-02   0.0000000e+00
   1.0164016e+04   3.2916343e+02   1.4831704e-04   1.9851683e-02   0.0000000e+00
   1.0188971e+04   3.2920296e+02   1.4508513e-04   1.9854915e-02   0.0000000e+00
   1.0213998e+04   3.2924244e+02   1.4190397e-04   1.9858096e-02   0.0000000e+00
   1.0239098e+04   3.2928188e+02   1.3877317e-04   1.9861227e-02   0.0000000e+00
   1.0264272e+04   3.2932128e+02   1.3569232e-04   1.9864308e-02   0.0000000e+00
   1.0289520e+04   3.2936063e+02   1.3266100e-04   1.9867339e-02   0.0000000e+00
   1.0314842e+04   3.2939994e+02   1.2967881e-04   1.9870321e-02   0.0000000e+00
   1.0340239e+04   3.2943921e+02   1.2674533e-04   1.9873255e-02   0.0000000e+00
   1.0365712e+04   3.2947845e+02   1.2386013e-04   1.9876140e-02   0.0000000e+00
   1.0391261e+04   3.2951765e+02   1.2102281e-04   1.9878977e-02   0.0000000e+00
   1.0416887e+04   3.2955682e+02   1.1823293e-04   1.9881767e-02   0.0000000e+00
   1.0442590e+04   3.2959595e+02   1.1549007e-04   1.9884510e-02   0.0000000e+00
   1.0468370e+04   3.2963506e+02   1.1279379e-04   1.9887206e-02   0.0000000e+00
   1.0494229e+04   3.2967415e+02   1.1014368e-04   1.9889856e-02   0.0000000e+00
   1.0520167e+04   3.2971321e+02   1.0753929e-04   1.9892461e-02   0.0000000e+00
   1.0546183e+04   3.2975225e+02   1.0498019e-04   1.9895020e-02   0.0000000e+00
   1.0572280e+04   3.2979127e+02   1.0246595e-04   1.9897534e-02   0.0000000e+00
   1.0598457e+04   3.2983027e+02   9.9996115e-05   1.9900004e-02   0.0000000e+00
   1.0624715e+04   3.2986926e+02   9.7570258e-05   1.9902430e-02   0.0000000e+00
   1.0651055e+04   3.2990823e+02   9.5187934e-05   1.9904812e-02   0.0000000e+00
   1.0677477e+04   3.2994719e+02   9.2848698e-05   1.9907151e-02   0.0000000e+00
   1.0703981e+04   3.2998615e+02   9.0552105e-05   1.9909448e-02   0.0000000e+00
   1.0730569e+04   3.3002510e+02   8.8297709e-05   1.9911702e-02   0.0000000e+00
   1.0757241e+04   3.3006405e+02   8.6085061e-05   1.9913915e-02   0.0000000e+00
   1.0783998e+04   3.3010299e+02   8.3913714e-05   1.9916086e-02   0.0000000e+00
   1.0810839e+04   3.3014194e+02   8.1783218e-05   1.9918217e-02   0.0000000e+00
   1.0837767e+04   3.3018089e+02   7.9693121e-05   1.9920307e-02   0.0000000e+00
   1.0864781e+04   3.3021985e+02   7.7642971e-05   1.9922357e-02   0.0000000e+00
   1.0891882e+04   3.3025881e+02   7.5632318e-05   1.9924368e-02   0.0000000e+00
   1.0919071e+04   3.3029779e+02   7.3660706e-05   1.9926339e-02   0.0000000e+00
   1.0946349e+04   3.3033678e+02   7.1727684e-05   1.9928272e-02   0.0000000e+00
   1.0973715e+04   3.3037579e+02   6.9832798e-05   1.9930167e-02   0.0000000e+00
   1.1001171e+04   3.3041482e+02   6.7975592e-05   1.9932024e-02   0.0000000e+00
   1.1028718e+04   3.3045386e+02   6.6155612e-05   1.9933844e-02   0.0000000e+00
   1.1056356e+04   3.3049294e+02   6.4372405e-05   1.9935628e-02   0.0000000e+00
   1.1084086e+04   3.3053204e+02   6.2625514e-05   1.9937374e-02   0.0000000e+00
   1.1111908e+04   3.3057116e+02   6.0914487e-05   1.9939086e-02   0.0000000e+00
   1.1139823e+04   3.3061033e+02   5.9238867e-05   1.9940761e-02   0.0000000e+00
   1.1167833e+04   3.3064952e+02   5.7598202e-05   1.9942402e-02   0.0000000e+00
   1.1195937e+04   3.3068876e+02   5.5992037e-05   1.9944008e-02   0.0000000e+00
   1.1224137e+04   3.3072803e+02   5.4419920e-05   1.9945580e-02   0.0000000e+00
   1.1252433e+04   3.3076735e+02   5.2881397e-05   1.9947119e-02   0.0000000e+00
   1.1280826e+04   3.3080671e+02   5.1376016e-05   1.9948624e-02   0.0000000e+00
   1.1309317e+04   3.3084612e+02   4.9903326e-05   1.9950097e-02   0.0000000e+00
   1.1337907e+04   3.3088559e+02   4.8462878e-05   1.9951537e-02   0.0000000e+00
   1.1366595e+04   3.3092511e+02   4.7054220e-05   1.9952946e-02   0.0000000e+00
   1.1395384e+04   3.3096468e+02   4.5676904e-05   1.9954323e-02   0.0000000e+00
   1.1424274e+04   3.3100432e+02   4.4330484e-05   1.9955670e-02   0.0000000e+00
   1.1453266e+04   3.3104402e+02   4.3014513e-05   1.9956985e-02   0.0000000e+00
   1.1482361e+04   3.3108379e+02   4.1728546e-05   1.9958271e-02   0.0000000e+00
   1.1511559e+04   3.3112362e+02   4.0472140e-05   1.9959528e-02   0.0000000e+00
   1.1540861e+04   3.3116353e+02   3.9244852e-05   1.9960755e-02   0.0000000e+00
   1.1570269e+04   3.3120352e+02   3.8046243e-05   1.9961954e-02   0.0000000e+00
   1.1599782e+04   3.3124358e+02   3.6875873e-05   1.9963124e-02   0.0000000e+00
   1.1629403e+04   3.3128372e+02   3.5733306e-05   1.9964267e-02   0.0000000e+00
   1.1659132e+04   3.3132395e+02   3.4618106e-05   1.9965382e-02   0.0000000e+00
   1.1688969e+04   3.3136427e+02   3.3529839e-05   1.9966470e-02   0.0000000e+00
   1.1718917e+04   3.3140468e+02   3.2468076e-05   1.9967532e-02   0.0000000e+00
   1.1748975e+04   3.3144518e+02   3.1432385e-05   1.9968568e-02   0.0000000e+00
   1.1779145e+04   3.3148578e+02   3.0422341e-05   1.9969578e-02   0.0000000e+00
   1.1809427e+04   3.3152648e+02   2.9437519e-05   1.9970562e-02   0.0000000e+00
   1.1839823e+04   3.3156728e+02   2.8477495e-05   1.9971523e-02   0.0000000e+00
   1.1870334e+04   3.3160820e+02   2.7541849e-05   1.9972458e-02   0.0000000e+00
   1.1900961e+04   3.3164922e+02   2.6630165e-05   1.9973370e-02   0.0000000e+00
   1.1931704e+04   3.3169036e+02   2.5742026e-05   1.9974258e-02   0.0000000e+00
   1.1962565e+04   3.3173161e+02   2.4877020e-05   1.9975123e-02   0.0000000e+00
   1.1993545e+04   3.3177298e+02   2.4034737e-05   1.9975965e-02   0.0000000e+00
   1.2024645e+04   3.3181448e+02   2.3214770e-05   1.9976785e-02   0.0000000e+00
   1.2055865e+04   3.3185611e+02   2.2416715e-05   1.9977583e-02   0.0000000e+00
   1.2087208e+04   3.3189787e+02   2.1640169e-05   1.9978360e-02   0.0000000e+00
   1.2118674e+04   3.3193976e+02   2.0884735e-05   1.9979115e-02   0.0000000e+00
   1.2150264e+04   3.3198179e+02   2.0150017e-05   1.9979850e-02   0.0000000e+00
   1.2181980e+04   3.3202396e+02   1.9435622e-05   1.9980564e-02   0.0000000e+00
   1.2213823e+04   3.3206628e+02   1.8741160e-05   1.9981259e-02   0.0000000e+00
   1.2245793e+04   3.3210875e+02   1.8066247e-05   1.9981934e-02   0.0000000e+00
   1.2277893e+04   3.3215137e+02   1.7410498e-05   1.9982590e-02   0.0000000e+00
   1.2310122e+04   3.3219415e+02   1.6773534e-05   1.9983226e-02   0.0000000e+00
   1.2342484e+04   3.3223708e+02   1.6154979e-05   1.9983845e-02   0.0000000e+00
   1.2374978e+04   3.3228019e+02   1.5554460e-05   1.9984446e-02   0.0000000e+00
   1.2407606e+04   3.3232346e+02   1.4971607e-05   1.9985028e-02   0.0000000e+00
   1.2440370e+04   3.3236690e+02   1.4406055e-05   1.9985594e-02   0.0000000e+00
   1.2473270e+04   3.3241052e+02   1.3857440e-05   1.9986143e-02   0.0000000e+00
   1.2506309e+04   3.3245431e+02   1.3325406e-05   1.9986675e-02   0.0000000e+00
   1.2539487e+04   3.3249829e+02   1.2809595e-05   1.9987190e-02   0.0000000e+00
   1.2572806e+04   3.3254246e+02   1.2309658e-05   1.9987690e-02   0.0000000e+00
   1.2606267e+04   3.3258682e+02   1.1825246e-05   1.9988175e-02   0.0000000e+00
   1.2639872e+04   3.3263138e+02   1.1356015e-05   1.9988644e-02   0.0000000e+00
   1.2673622e+04   3.3267614e+02   1.0901626e-05   1.9989098e-02   0.0000000e+00
   1.2707518e+04   3.3272110e+02   1.0461741e-05   1.9989538e-02   0.0000000e+00
   1.2741563e+04   3.3276627e+02   1.0036030e-05   1.9989964e-02   0.0000000e+00
   1.2775757e+04   3.3281165e+02   9.6241629e-06   1.9990376e-02   0.0000000e+00
   1.2810103e+04   3.3285725e+02   9.2258161e-06   1.9990774e-02   0.0000000e+00
   1.2844601e+04   3.3290307e+02   8.8406689e-06   1.9991159e-02   0.0000000e+00
   1.2879254e+04   3.3294911e+02   8.4684051e-06   1.9991532e-02   0.0000000e+00
   1.2914062e+04   3.3299539e+02   8.1087123e-06   1.9991891e-02   0.0000000e+00
   1.2949029e+04   3.3304190e+02   7.7612822e-06   1.9992239e-02   0.0000000e+00
   1.2984155e+04   3.3308865e+02   7.4258108e-06   1.9992574e-02   0.0000000e+00
   1.3019442e+04   3.3313565e+02   7.1019979e-06   1.9992898e-02   0.0000000e+00
   1.3054891e+04   3.3318289e+02   6.7895478e-06   1.9993210e-02   0.0000000e+00
   1.3090506e+04   3.3323039e+02   6.4881687e-06   1.9993512e-02   0.0000000e+00
   1.3126287e+04   3.3327815e+02   6.1975731e-06   1.9993802e-02   0.0000000e+00
   1.3162236e+04   3.3332617e+02   5.9174779e-06   1.9994083e-02   0.0000000e+00
   1.3198355e+04   3.3337445e+02   5.6476037e-06   1.9994352e-02   0.0000000e+00
   1.3234646e+04   3.3342301e+02   5.3876760e-06   1.9994612e-02   0.0000000e+00
   1.3271112e+04   3.3347185e+02   5.1374240e-06   1.9994863e-02   0.0000000e+00
   1.3307753e+04   3.3352098e+02   4.8965814e-06   1.9995103e-02   0.0000000e+00
   1.3344572e+04   3.3357039e+02   4.6648861e-06   1.9995335e-02   0.0000000e+00
   1.3381572e+04   3.3362009e+02   4.4420804e-06   1.9995558e-02   0.0000000e+00
   1.3418753e+04   3.3367010e+02   4.2279108e-06   1.9995772e-02   0.0000000e+00
   1.3456119e+04   3.3372041e+02   4.0221279e-06   1.9995978e-02   0.0000000e+00
   1.3493671e+04   3.3377103e+02   3.8244869e-06   1.9996176e-02   0.0000000e+00
   1.3531411e+04   3.3382196e+02   3.6347471e-06   1.9996365e-02   0.0000000e+00
   1.3569343e+04   3.3387322e+02   3.4526722e-06   1.9996547e-02   0.0000000e+00
   1.3607468e+04   3.3392480e+02   3.2780300e-06   1.9996722e-02   0.0000000e+00
   1.3645788e+04   3.3397672e+02   3.1105927e-06   1.9996889e-02   0.0000000e+00
   1.3684306e+04   3.3402898e+02   2.9501367e-06   1.9997050e-02   0.0000000e+00
   1.3723024e+04   3.3408158e+02   2.7964429e-06   1.9997204e-02   0.0000000e+00
   1.3761945e+04   3.3413453e+02   2.6492962e-06   1.9997351e-02   0.0000000e+00
   1.3801071e+04   3.3418784e+02   2.5084858e-06   1.9997492e-02   0.0000000e+00
   1.3840405e+04   3.3424152e+02   2.3738053e-06   1.9997626e-02   0.0000000e+00
   1.3879950e+04   3.3429556e+02   2.2450522e-06   1.9997755e-02   0.0000000e+00
   1.3919708e+04   3.3434999e+02   2.1220285e-06   1.9997878e-02   0.0000000e+00
   1.3959681e+04   3.3440479e+02   2.0045402e-06   1.9997995e-02   0.0000000e+00
   1.3999873e+04   3.3445999e+02   1.8923977e-06   1.9998108e-02   0.0000000e+00
   1.4040287e+04   3.3451558e+02   1.7854154e-06   1.9998215e-02   0.0000000e+00
   1.4080925e+04   3.3457158e+02   1.6834118e-06   1.9998317e-02   0.0000000e+00
   1.4121790e+04   3.3462799e+02   1.5862096e-06   1.9998414e-02   0.0000000e+00
   1.4162886e+04   3.3468483e+02   1.4936354e-06   1.9998506e-02   0.0000000e+00
   1.4204215e+04   3.3474208e+02   1.4055203e-06   1.9998594e-02   0.0000000e+00
   1.4245780e+04   3.3479977e+02   1.3216989e-06   1.9998678e-02   0.0000000e+00
   1.4287585e+04   3.3485791e+02   1.2420102e-06   1.9998758e-02   0.0000000e+00
   1.4329634e+04   3.3491649e+02   1.1662969e-06   1.9998834e-02   0.0000000e+00
   1.4371929e+04   3.3497553e+02   1.0944059e-06   1.9998906e-02   0.0000000e+00
   1.4414473e+04   3.3503504e+02   1.0261879e-06   1.9998974e-02   0.0000000e+00
   1.4457271e+04   3.3509503e+02   9.6149749e-07   1.9999039e-02   0.0000000e+00
   1.4500326e+04   3.3515549e+02   9.0019302e-07   1.9999100e-02   0.0000000e+00
   1.4543642e+04   3.3521645e+02   8.4213678e-07   1.9999158e-02   0.0000000e+00
   1.4587222e+04   3.3527791e+02   7.8719478e-07   1.9999213e-02   0.0000000e+00
   1.4631070e+04   3.3533989e+02   7.3523677e-07   1.9999265e-02   0.0000000e+00
   1.4675191e+04   3.3540238e+02   6.8613619e-07   1.9999314e-02   0.0000000e+00
   1.4719587e+04   3.3546540e+02   6.3977016e-07   1.9999360e-02   0.0000000e+00
   1.4764264e+04   3.3552896e+02   5.9601939e-07   1.9999404e-02   0.0000000e+00
   1.4809225e+04   3.3559308e+02   5.5476815e-07   1.9999445e-02   0.0000000e+00
   1.4854475e+04   3.3565775e+02   5.1590425e-07   1.9999484e-02   0.0000000e+00
   1.4900018e+04   3.3572299e+02   4.7931898e-07   1.9999521e-02   0.0000000e+00
   1.4945858e+04   3.3578881e+02   4.4490705e-07   1.9999555e-02   0.0000000e+00
   1.4992002e+04   3.3585523e+02   4.1256657e-07   1.9999587e-02   0.0000000e+00
   1.5038452e+04   3.3592225e+02   3.8219896e-07   1.9999618e-02   0.0000000e+00
   1.5085214e+04   3.3598989e+02   3.5370894e-07   1.9999646e-02   0.0000000e+00
   1.5132293e+04   3.3605816e+02   3.2700448e-07   1.9999673e-02   0.0000000e+00
   1.5179694e+04   3.3612706e+02   3.0199669e-07   1.9999698e-02   0.0000000e+00
   1.5227422e+04   3.3619662e+02   2.7859984e-07   1.9999721e-02   0.0000000e+00
   1.5275483e+04   3.3626685e+02   2.5673128e-07   1.9999743e-02   0.0000000e+00
   1.5323882e+04   3.3633775e+02   2.3631135e-07   1.9999764e-02   0.0000000e+00
   1.5372624e+04   3.3640935e+02   2.1726338e-07   1.9999783e-02   0.0000000e+00
   1.5421717e+04   3.3648165e+02   1.9951360e-07   1.9999800e-02   0.0000000e+00
   1.5471165e+04   3.3655468e+02   1.8299111e-07   1.9999817e-02   0.0000000e+00
   1.5520975e+04   3.3662844e+02   1.6762776e-07   1.9999832e-02   0.0000000e+00
   1.5571153e+04   3.3670296e+02   1.5335819e-07   1.9999847e-02   0.0000000e+00
   1.5621705e+04   3.3677824e+02   1.4011969e-07   1.9999860e-02   0.0000000e+00
   1.5672639e+04   3.3685430e+02   1.2785216e-07   1.9999872e-02   0.0000000e+00
   1.5723960e+04   3.3693117e+02   1.1649808e-07   1.9999884e-02   0.0000000e+00
   1.5775677e+04   3.3700886e+02   1.0600241e-07   1.9999894e-02   0.0000000e+00
   1.5827796e+04   3.3708738e+02   9.6312577e-08   1.9999904e-02   0.0000000e+00
   1.5880324e+04   3.3716675e+02   8.7378348e-08   1.9999913e-02   0.0000000e+00
   1.5933271e+04   3.3724700e+02   7.9151828e-08   1.9999921e-02   0.0000000e+00
   1.5986642e+04   3.3732814e+02   7.1587369e-08   1.9999928e-02   0.0000000e+00
   1.6040447e+04   3.3741020e+02   6.4641517e-08   1.9999935e-02   0.0000000e+00
   1.6094694e+04   3.3749319e+02   5.8272948e-08   1.9999942e-02   0.0000000e+00
   1.6149392e+04   3.3757713e+02   5.2442404e-08   1.9999948e-02   0.0000000e+00
   1.6204549e+04   3.3766206e+02   4.7112636e-08   1.9999953e-02   0.0000000e+00
   1.6260175e+04   3.3774798e+02   4.2248337e-08   1.9999958e-02   0.0000000e+00
   1.6316279e+04   3.3783493e+02   3.7816082e-08   1.9999962e-02   0.0000000e+00
   1.6372871e+04   3.3792292e+02   3.3784268e-08   1.9999966e-02   0.0000000e+00
   1.6429961e+04   3.3801200e+02   3.0123049e-08   1.9999970e-02   0.0000000e+00
   1.6487560e+04   3.3810217e+02   2.6804277e-08   1.9999973e-02   0.0000000e+00
   1.6545678e+04   3.3819348e+02   2.3801440e-08   1.9999976e-02   0.0000000e+00
   1.6604327e+04   3.3828594e+02   2.1089602e-08   1.9999979e-02   0.0000000e+00
   1.6663518e+04   3.3837959e+02   1.8645342e-08   1.9999981e-02   0.0000000e+00
   1.6723263e+04   3.3847445e+02   1.6446696e-08   1.9999984e-02   0.0000000e+00
   1.6783575e+04   3.3857057e+02   1.4473096e-08   1.9999986e-02   0.0000000e+00
   1.6844466e+04   3.3866797e+02   1.2705312e-08   1.9999987e-02   0.0000000e+00
   1.6905950e+04   3.3876669e+02   1.1125395e-08   1.9999989e-02   0.0000000e+00
   1.6968040e+04   3.3886676e+02   9.7166202e-09   1.9999990e-02   0.0000000e+00
   1.7030751e+04   3.3896822e+02   8.4634304e-09   1.9999992e-02   0.0000000e+00
   1.7094098e+04   3.3907111e+02   7.3513803e-09   1.9999993e-02   0.0000000e+00
   1.7158096e+04   3.3917547e+02   6.3670828e-09   1.9999994e-02   0.0000000e+00
   1.7222760e+04   3.3928135e+02   5.4981556e-09   1.9999995e-02   0.0000000e+00
   1.7288109e+04   3.3938878e+02   4.7331691e-09   1.9999995e-02   0.0000000e+00
   1.7354158e+04   3.3949781e+02   4.0615951e-09   1.9999996e-02   0.0000000e+00
   1.7420926e+04   3.3960849e+02   3.4737571e-09   1.9999997e-02   0.0000000e+00
   1.7488432e+04   3.3972088e+02   2.9607815e-09   1.9999997e-02   0.0000000e+00
   1.7556696e+04   3.3983502e+02   2.5145504e-09   1.9999997e-02   0.0000000e+00
   1.7625736e+04   3.3995096e+02   2.1276551e-09   1.9999998e-02   0.0000000e+00
   1.7695576e+04   3.4006878e+02   1.7933519e-09   1.9999998e-02   0.0000000e+00
   1.7766236e+04   3.4018852e+02   1.5055187e-09   1.9999998e-02   0.0000000e+00
   1.7837741e+04   3.4031025e+02   1.2586129e-09   1.9999999e-02   0.0000000e+00
   1.7910113e+04   3.4043403e+02   1.0476315e-09   1.9999999e-02   0.0000000e+00
   1.7983379e+04   3.4055995e+02   8.6807192e-10   1.9999999e-02   0.0000000e+00
   1.8057565e+04   3.4068806e+02   7.1589503e-10   1.9999999e-02   0.0000000e+00
   1.8132699e+04   3.4081845e+02   5.8748925e-10   1.9999999e-02   0.0000000e+00
   1.8208809e+04   3.4095120e+02   4.7963661e-10   2.0000000e-02   0.0000000e+00
   1.8285927e+04   3.4108639e+02   3.8948017e-10   2.0000000e-02   0.0000000e+00
   1.8364083e+04   3.4122412e+02   3.1449318e-10   2.0000000e-02   0.0000000e+00
   1.8443313e+04   3.4136449e+02   2.5244982e-10   2.0000000e-02   0.0000000e+00
   1.8523651e+04   3.4150758e+02   2.0139754e-10   2.0000000e-02   0.0000000e+00
   1.8605134e+04   3.4165352e+02   1.5963107e-10   2.0000000e-02   0.0000000e+00
   1.8687802e+04   3.4180241e+02   1.2566795e-10   2.0000000e-02   0.0000000e+00
   1.8771697e+04   3.4195437e+02   9.8225684e-11   2.0000000e-02   0.0000000e+00
   1.8856861e+04   3.4210954e+02   7.6200464e-11   2.0000000e-02   0.0000000e+00
   1.8943341e+04   3.4226805e+02   5.8647391e-11   2.0000000e-02   0.0000000e+00
   1.9031187e+04   3.4243004e+02   4.4762212e-11   2.0000000e-02   0.0000000e+00
   1.9120451e+04   3.4259567e+02   3.3864507e-11   2.0000000e-02   0.0000000e+00
   1.9211186e+04   3.4276511e+02   2.5382293e-11   2.0000000e-02   0.0000000e+00
   1.9303453e+04   3.4293853e+02   1.8837987e-11   2.0000000e-02   0.0000000e+00
   1.9397313e+04   3.4311612e+02   1.3835683e-11   2.0000000e-02   0.0000000e+00
   1.9492833e+04   3.4329808e+02   1.0049678e-11   2.0000000e-02   0.0000000e+00
   1.9590084e+04   3.4348464e+02   7.2141923e-12   2.0000000e-02   0.0000000e+00
   1.9689141e+04   3.4367603e+02   5.1142095e-12   2.0000000e-02   0.0000000e+00
   1.9790086e+04   3.4387250e+02   3.5773814e-12   2.0000000e-02   0.0000000e+00
   1.9893006e+04   3.4407433e+02   2.4669156e-12   2.0000000e-02   0.0000000e+00
   1.9997994e+04   3.4428181e+02   1.6753800e-12   2.0000000e-02   0.0000000e+00
   2.0105152e+04   3.4449526e+02   1.1193512e-12   2.0000000e-02   0.0000000e+00
   2.0214588e+04   3.4471505e+02   7.3483165e-13   2.0000000e-02   0.0000000e+00
   2.0326420e+04   3.4494154e+02   4.7336459e-13   2.0000000e-02   0.0000000e+00
   2.0440775e+04   3.4517515e+02   2.9877458e-13   2.0000000e-02   0.0000000e+00
   2.0557791e+04   3.4541635e+02   1.8446375e-13   2.0000000e-02   0.0000000e+00
   2.0677621e+04   3.4566564e+02   1.1119677e-13   2.0000000e-02   0.0000000e+00
   2.0800428e+04   3.4592357e+02   6.5310452e-14   2.0000000e-02   0.0000000e+00
   2.0926393e+04   3.4619075e+02   3.7287497e-14   2.0000000e-02   0.0000000e+00
   2.1055715e+04   3.4646787e+02   2.0638597e-14   2.0000000e-02   0.0000000e+00
   2.1188612e+04   3.4675568e+02   1.1041339e-14   2.0000000e-02   0.0000000e+00
   2.1325327e+04   3.4705504e+02   5.6896983e-15   2.0000000e-02   0.0000000e+00
   2.1466129e+04   3.4736689e+02   2.8129428e-15   2.0000000e-02   0.0000000e+00
   2.1611319e+04   3.4769231e+02   1.3281516e-15   2.0000000e-02   0.0000000e+00
   2.1761233e+04   3.4803253e+02   5.9571276e-16   2.0000000e-02   0.0000000e+00
   2.1916250e+04   3.4838893e+02   2.5224454e-16   2.0000000e-02   0.0000000e+00
   2.2076801e+04   3.4876312e+02   1.0009445e-16   2.0000000e-02   0.0000000e+00
   2.2243375e+04   3.4915694e+02   3.6898273e-17   2.0000000e-02   0.0000000e+00
   2.2416534e+04   3.4957254e+02   1.2504202e-17   2.0000000e-02   0.0000000e+00
   2.2596927e+04   3.5001243e+02   3.8462807e-18   2.0000000e-02   0.0000000e+00
   2.2785309e+04   3.5047961e+02   1.0572983e-18   2.0000000e-02   0.0000000e+00
   2.2982569e+04   3.5097764e+02   2.5476031e-19   2.0000000e-02   0.0000000e+00
   2.3189761e+04   3.5151082e+02   5.2514286e-20   2.0000000e-02   0.0000000e+00
   2.3408153e+04   3.5208443e+02   8.9766884e-21   2.0000000e-02   0.0000000e+00
   2.3639287e+04   3.5270503e+02   1.2218745e-21   2.0000000e-02   0.0000000e+00
   2.3885068e+04   3.5338090e+02   1.2546877e-22   2.0000000e-02   0.0000000e+00
   2.4147893e+04   3.5412272e+02   9.0274394e-24   2.0000000e-02   0.0000000e+00
