#   zf [m]   Ug [m/s]   Vg [m/s]   ws [m/s] dthdtls_rad [K/s] dqv/dt [1/s]      dth/dt [K/s]
50 10800 172800 
3 
    9.8193   3.673393   0.273054  -0.005736    0.00000   +5.07975180E-10   +2.13924241E-06
   35.0817   3.673393   0.273054  -0.007138    0.00000   +8.04557519E-10   +2.32773206E-06
   71.7480   3.406969   0.282698  -0.008392    0.00000   +1.23649457E-09   +1.80271811E-06
  120.1642   3.180690   0.283180  -0.008102    0.00000   +1.95453688E-09   +2.19733177E-07
  180.6615   3.096793   0.277685  -0.006712    0.00000   +2.75291682E-09   -2.91062782E-06
  253.5679   3.155353   0.253048  -0.005255    0.00000   +3.28974075E-09   -7.75864984E-06
  339.2344   3.324454   0.220773  -0.004633    0.00000   +4.28148083E-09   -1.16657870E-05
  438.0184   3.583113   0.249747  -0.004688    0.00000   +5.98883386E-09   -1.48439890E-05
  550.2649   3.844929   0.335656  -0.004829    0.00000   +7.93126410E-09   -1.84925150E-05
  676.3167   4.078189   0.444388  -0.004968    0.00000   +8.85766217E-09   -1.95634361E-05
  816.5394   4.222181   0.448993  -0.004680    0.00000   +6.85523892E-09   -1.26944568E-05
  971.2653   4.261770   0.226750  -0.003554    0.00000   -1.99222372E-09   +3.13546376E-06
 1140.9553   4.182281  -0.387472  -0.003615    0.00000   -9.67407176E-09   +2.05690836E-05
 1325.9471   4.111152  -1.440736  -0.002860    0.00000   +1.44376676E-08   -8.46085553E-06
 1526.6842   4.446891  -2.433716  -0.003058    0.00000   +3.38756722E-08   -7.67137852E-05
 1743.7451   5.075407  -2.583433  -0.004277    0.00000   +2.95814557E-08   -9.73964561E-05
 1976.1726   5.635505  -1.986445  -0.006386    0.00000   +3.50318586E-08   -8.18209815E-05
 2224.9414   6.182668  -1.434928  -0.007387    0.00000   +2.75619697E-08   -6.69947070E-05
 2490.9185   6.642727  -1.155486  -0.006429    0.00000   +1.56988011E-08   -4.83086316E-05
 2774.2793   6.880022  -1.194725  -0.002401    0.00000   -3.48163679E-09   -2.39596373E-05
 3075.3911   6.709891  -1.504022   0.005198    0.00000   -8.73138233E-09   +1.30312373E-06
 3394.6018   6.241619  -2.005133   0.012237    0.00000   -8.82566422E-09   +9.22359684E-06
 3732.0217   6.173352  -2.346675   0.010660    0.00000   +3.32150467E-09   -9.96312471E-06
 4087.4160   6.702293  -2.420809   0.004531    0.00000   +1.79560386E-08   -1.89306135E-05
 4461.6558   7.407832  -2.486478   0.000126    0.00000   +1.80174894E-08   -2.69820065E-05
 4855.0811   8.245609  -2.559757  -0.001069    0.00000   +1.36008819E-08   -4.14313898E-05
 5268.2451   9.121983  -2.360111   0.000591    0.00000   +8.90372394E-09   -7.52465834E-05
 5702.1470   9.790092  -2.154549   0.003852    0.00000   +1.33986513E-09   -4.30259408E-05
 6155.4253  10.584687  -2.233090   0.005607    0.00000   -3.93542240E-09   -3.48804547E-05
 6629.0386  11.944086  -2.562014  -0.000223    0.00000   -6.01100099E-09   -1.58449071E-05
 7123.6313  13.365086  -3.255324  -0.000680    0.00000   +4.98485038E-10   -2.46873076E-06
 7638.5513  14.353980  -3.928787  -0.001879    0.00000   -1.71092739E-09   +1.13737099E-05
 8174.7793  14.919797  -4.329758  -0.001386    0.00000   -5.20328093E-09   -8.77584967E-06
 8733.7412  15.317562  -4.527710  -0.002275    0.00000   -2.56403760E-09   -2.67140936E-05
 9314.7617  15.614560  -4.713906   0.000967    0.00000   -3.42304989E-11   +2.71943819E-06
 9917.6123  15.965989  -5.382298   0.013615    0.00000   +7.60237884E-10   +5.77906837E-05
10543.4600  16.460964  -6.483338   0.017013    0.00000   +5.69791838E-10   +6.16309180E-05
11197.7949  16.978870  -7.110610   0.007043    0.00000   -1.09523154E-10   -2.50020720E-05
11886.1230  17.133390  -7.195956   0.006408    0.00000   -4.06093760E-10   +8.11544568E-05
12607.8359  16.707226  -7.327332   0.009569    0.00000   -5.70465120E-11   +9.38127924E-05
13352.0557  15.199874  -6.556837   0.011856    0.00000   -1.82175598E-12   +5.15902884E-05
14117.7285  12.670943  -4.931746   0.013474    0.00000   +1.11833318E-12   +4.75861684E-05
14907.8682  10.008536  -4.321087   0.010531    0.00000   +8.24512140E-13   +1.21173917E-04
15725.6494   7.943144  -4.372344   0.001434    0.00000   +2.69501800E-13   +3.66234076E-05
16571.0801   6.307921  -3.871583  -0.002462    0.00000   +1.50429356E-12   -1.46839391E-05
17443.6328   4.100304  -3.457069   0.005474    0.00000   +7.12599460E-13   +2.45415762E-05
18343.7930   1.106459  -3.840496   0.010395    0.00000   +8.34860105E-14   +6.88729504E-05
19272.2637  -1.505561  -4.591565   0.010847    0.00000   -7.71900830E-13   +6.20887717E-05
20228.1445  -2.904808  -5.130766   0.005520    0.00000   +2.11376969E-12   +3.31040623E-05
21211.8555  -3.816961  -5.655470   0.001698    0.00000   +7.27107431E-13   +2.21894832E-05

#   zf [m]   Ug [m/s]   Vg [m/s]   ws [m/s] dthdtls_rad [K/s] dqv/dt [1/s]      dth/dt [K/s]
# 10800.00   
    9.8200   5.318367   1.266886  -0.005833    0.00000   +5.14163627E-10   +1.76842601E-05
   35.0971   5.318367   1.266886  -0.007443    0.00000   +8.44634743E-10   +2.31132726E-05
   71.7875   5.006511   1.120180  -0.009047    0.00000   +1.53058651E-09   +2.52753098E-05
  120.2425   4.731185   0.978811  -0.009263    0.00000   +2.82667573E-09   +2.41200509E-05
  180.7936   4.575688   0.851882  -0.008482    0.00000   +4.41595912E-09   +1.96860962E-05
  253.7650   4.559391   0.756007  -0.007416    0.00000   +5.48141718E-09   +1.35141208E-05
  339.4921   4.605626   0.745188  -0.006820    0.00000   +5.71217431E-09   +7.68297636E-06
  438.3133   4.690320   0.823024  -0.006767    0.00000   +6.17231285E-09   +2.51391827E-06
  550.5667   4.738449   0.951210  -0.007114    0.00000   +6.46168909E-09   -1.01077144E-07
  676.6378   4.682738   1.059814  -0.007819    0.00000   +4.34037505E-09   +4.18933713E-06
  816.9341   4.481011   0.942096  -0.008065    0.00000   -1.09681398E-09   +1.47454110E-05
  971.8099   4.248277   0.429266  -0.008357    0.00000   -5.66841193E-09   +2.88875740E-05
 1141.6462   4.212642  -0.443274  -0.010319    0.00000   -1.11010463E-11   +2.19443715E-05
 1326.9424   4.445041  -1.417241  -0.012013    0.00000   +1.57304027E-08   -6.05397670E-06
 1528.0081   4.878781  -1.930420  -0.012604    0.00000   +4.58932210E-08   -6.24527234E-05
 1744.3820   5.419160  -1.686942  -0.011351    0.00000   +5.59513620E-08   -8.31499301E-05
 1976.5822   6.040424  -1.122727  -0.010889    0.00000   +4.41427254E-08   -6.85138607E-05
 2225.4910   6.497015  -0.665924  -0.009033    0.00000   +3.80293843E-08   -5.98843220E-05
 2491.6223   6.686022  -0.359271  -0.003870    0.00000   +3.05577295E-08   -6.22877348E-05
 2775.2871   6.672542  -0.193253   0.001932    0.00000   +1.56623609E-08   -4.77411003E-05
 3076.5925   6.359830  -0.184736   0.009635    0.00000   -2.75889975E-09   -1.91584351E-05
 3395.5178   6.040713  -0.335141   0.018290    0.00000   -4.46536264E-09   -1.35535384E-06
 3732.6670   6.186510  -0.642045   0.021221    0.00000   +8.11415189E-09   -5.33495738E-06
 4088.1606   6.732635  -1.012063   0.017661    0.00000   +1.39679223E-08   +2.63094075E-06
 4462.2109   7.484627  -1.367785   0.017264    0.00000   +7.39856920E-09   -4.70713911E-06
 4855.5059   8.521267  -1.632571   0.018863    0.00000   +3.81462120E-09   -1.95977308E-05
 5268.3052   9.412514  -1.877653   0.014233    0.00000   +2.32804751E-09   -1.46764958E-05
 5702.0576  10.163291  -2.099788   0.013780    0.00000   +1.23710619E-08   -5.81811898E-05
 6155.9214  11.089954  -2.225677   0.017710    0.00000   +2.19288837E-08   -5.16613878E-05
 6629.6123  12.388350  -2.307346   0.018788    0.00000   +1.95542618E-08   -4.88623169E-05
 7123.9146  14.098381  -2.429855   0.012308    0.00000   +1.20446479E-08   -4.04195757E-05
 7639.5474  15.503138  -2.807866   0.008888    0.00000   -3.69438247E-10   +1.81988625E-05
 8176.0269  16.080782  -3.469273   0.011033    0.00000   -8.66108593E-09   +7.40489391E-05
 8734.9873  16.423635  -4.100371   0.010774    0.00000   -5.08085314E-09   +7.28248845E-06
 9315.7979  16.869850  -4.549549   0.011546    0.00000   -4.71808007E-09   +1.26578758E-05
 9918.4502  17.425035  -5.165842   0.012417    0.00000   -4.15683046E-09   +3.80978674E-05
10543.9883  18.094381  -5.898644   0.015795    0.00000   -1.44668477E-09   +2.07627053E-05
11196.8330  18.120094  -6.290569   0.015786    0.00000   -6.17991750E-10   +6.74413717E-05
11886.0908  17.251144  -6.256223   0.011603    0.00000   -8.72445468E-12   +1.06996755E-04
12608.6787  15.380797  -6.210580   0.009152    0.00000   +1.57838334E-11   +1.96854384E-04
13353.6367  12.702350  -5.481937   0.008366    0.00000   -8.09377505E-14   +2.59190307E-05
14119.1074  10.275771  -4.088162   0.009551    0.00000   -7.97728312E-13   +1.90731058E-05
14908.5049   8.271304  -3.662665   0.007936    0.00000   +3.12592025E-13   +6.10752708E-05
15726.3369   7.027721  -3.671549   0.000333    0.00000   -9.00724266E-13   -5.86489885E-06
16571.9648   6.536637  -2.945998  -0.007732    0.00000   +1.36828934E-13   -2.66020683E-05
17444.4668   5.642443  -2.160658  -0.005907    0.00000   -2.52503742E-14   +1.69681568E-05
18344.6816   3.863061  -2.019241  -0.006545    0.00000   +1.54499037E-13   +3.51879267E-05
19273.5254   2.173888  -2.649915  -0.008342    0.00000   -2.60332405E-13   +2.04456774E-05
20229.7363   1.190999  -3.834331  -0.005119    0.00000   +2.26274642E-12   -3.03662698E-06
21213.6445   0.227299  -5.154013  -0.001754    0.00000   +1.52231485E-12   +1.47952885E-05

#   zf [m]   Ug [m/s]   Vg [m/s]   ws [m/s] dthdtls_rad [K/s] dqv/dt [1/s]      dth/dt [K/s]
# 21600.00   
    9.8208   5.801256   2.512062  -0.004184    0.00000   -1.17239389E-09   +9.68269970E-06
   35.0840   5.801256   2.512062  -0.008705    0.00000   -1.45741703E-09   +1.65930118E-05
   71.7707   5.458611   2.458952  -0.013573    0.00000   -8.57112764E-10   +2.17401972E-05
  120.2317   5.102719   2.359398  -0.015171    0.00000   -5.57399927E-10   +2.10963739E-05
  180.8008   4.888773   2.252741  -0.014112    0.00000   -3.78466309E-10   +2.21891001E-05
  253.7955   4.762319   2.147544  -0.011966    0.00000   -3.16914324E-10   +2.12964037E-05
  339.5326   4.655766   2.062963  -0.009269    0.00000   -7.35331599E-10   +1.63872121E-05
  438.3782   4.589581   2.024241  -0.006391    0.00000   -2.10404149E-09   +1.06103504E-05
  550.6886   4.504344   1.999686  -0.003709    0.00000   -6.08302853E-09   +1.79074111E-05
  676.8192   4.344028   1.833374  -0.001404    0.00000   -1.40539247E-08   +3.78054970E-05
  817.1935   4.116952   1.374745  -0.000237    0.00000   -2.31940009E-08   +6.91344146E-05
  972.2115   4.096457   0.516752  -0.000038    0.00000   -2.35730503E-08   +9.95019121E-05
 1142.1985   4.299736  -0.697018  -0.001025    0.00000   -6.78986171E-09   +9.40236615E-05
 1327.3948   4.770863  -1.832331  -0.001889    0.00000   +3.10100982E-08   +3.33615931E-05
 1528.0527   5.659163  -2.341213  -0.002038    0.00000   +6.18327709E-08   -4.12068720E-05
 1744.2139   6.426756  -2.326099  -0.002070    0.00000   +6.07587267E-08   -4.61399121E-05
 1976.5291   6.914636  -2.186310  -0.002822    0.00000   +4.79024163E-08   -3.78369604E-05
 2225.4463   7.383938  -1.949996  -0.000215    0.00000   +2.84671448E-08   -5.06891332E-05
 2491.4753   7.892795  -1.503966   0.002638    0.00000   +3.78838695E-08   -7.86458013E-05
 2775.1699   8.238781  -1.014101   0.003065    0.00000   +3.97447136E-08   -6.29594983E-05
 3076.3938   8.187206  -0.833241   0.004739    0.00000   +1.71906051E-08   -1.92436467E-05
 3395.4192   7.965016  -0.990382   0.007135    0.00000   +1.38813387E-09   -7.42942025E-06
 3732.7451   7.946875  -1.255643   0.009160    0.00000   +6.87717853E-09   -4.25387476E-06
 4088.1660   8.264626  -1.413190   0.013023    0.00000   +2.55695009E-09   -1.68314472E-05
 4462.1895   8.798552  -1.529569   0.015986    0.00000   +6.00093642E-09   -7.36628946E-06
 4855.3618   9.447569  -1.856278   0.015020    0.00000   +2.85772120E-09   -1.77412222E-06
 5268.2954   9.889358  -2.458968   0.011978    0.00000   +1.50927237E-08   +1.94328754E-05
 5701.6436  10.204838  -2.949660   0.006119    0.00000   +3.88481174E-08   -4.67602343E-05
 6155.3472  11.027336  -2.665411  -0.001438    0.00000   +3.78239055E-08   -1.31429373E-04
 6629.2070  12.134233  -2.027723  -0.011338    0.00000   +1.61200608E-08   -8.50068130E-05
 7123.9692  13.132881  -1.892837  -0.020747    0.00000   +2.06736639E-09   -2.96255025E-05
 7639.8325  14.233227  -2.171690  -0.018550    0.00000   -2.13067151E-10   -1.79730472E-05
 8176.5557  15.157563  -2.636280  -0.008906    0.00000   +4.78637647E-10   +5.17904079E-05
 8735.3027  15.707275  -3.399700  -0.002754    0.00000   -2.34157204E-09   +6.44611822E-05
 9316.1660  16.294403  -4.283676   0.002856    0.00000   -2.47620680E-09   +2.99609193E-05
 9918.7969  16.787859  -5.068048   0.004517    0.00000   -1.01220558E-09   +2.55861231E-05
10544.1270  17.328493  -5.821260   0.003917    0.00000   -5.54349124E-10   +1.31599228E-05
11198.0703  17.839094  -6.343555   0.003191    0.00000   -7.01820747E-10   -2.35434899E-06
11886.3418  17.488609  -5.893951   0.000660    0.00000   -1.13107065E-10   +1.15061683E-05
12609.4658  16.241678  -4.802655   0.001516    0.00000   -1.73060949E-11   +2.64337186E-05
13354.6982  14.577483  -3.757639  -0.001040    0.00000   -1.84292523E-12   -3.15333238E-06
14119.7266  12.869973  -2.884142  -0.002945    0.00000   -6.77482401E-13   +2.40237882E-05
14909.0596  10.822316  -2.490032   0.001649    0.00000   -1.42035797E-12   +3.56167406E-05
15726.4922   8.407590  -2.264100  -0.002480    0.00000   -4.85049079E-13   +3.17764312E-06
16572.3203   5.720947  -1.795325  -0.005728    0.00000   -2.13204048E-13   +4.73337606E-05
17445.4902   2.432407  -1.593709  -0.003994    0.00000   +2.79725365E-13   +5.67186219E-05
18345.7949  -1.274972  -1.957643  -0.003138    0.00000   +2.24303158E-13   +3.94540930E-05
19273.3789  -4.429487  -2.760937  -0.003916    0.00000   +1.69632007E-13   +1.84202730E-05
20228.4297  -6.424135  -3.645912   0.001400    0.00000   +2.01502995E-13   +7.64156542E-06
21211.7500  -7.562514  -4.075079   0.007126    0.00000   +2.05179497E-13   +2.01166105E-05

#   zf [m]   Ug [m/s]   Vg [m/s]   ws [m/s] dthdtls_rad [K/s] dqv/dt [1/s]      dth/dt [K/s]
# 32400.00   
    9.8192   6.162887   1.875022  -0.002444    0.00000   +9.50487282E-10   -9.14404926E-06
   35.0439   6.162887   1.875022  -0.003196    0.00000   +1.36331807E-09   -1.16451803E-05
   71.6582   6.196467   1.903331  -0.004025    0.00000   +1.63024398E-09   -1.32107136E-05
  120.0064   6.223376   1.944180  -0.004532    0.00000   +1.88766646E-09   -1.44303958E-05
  180.4367   6.294436   2.019141  -0.004722    0.00000   +1.30097994E-09   -1.44205501E-05
  253.2899   6.434248   2.099815  -0.004561    0.00000   -1.80805061E-09   -9.35570016E-06
  338.9147   6.623918   2.194546  -0.003642    0.00000   -3.74274726E-09   -3.19893217E-06
  437.6810   6.827553   2.287810  -0.001451    0.00000   -5.04414462E-09   -2.32671381E-06
  549.9433   6.947169   2.342849   0.002839    0.00000   -1.18759039E-08   +8.85258194E-06
  676.0505   7.027236   2.274181   0.007647    0.00000   -2.47241896E-08   +3.52006815E-05
  816.4207   7.050978   1.919008   0.011727    0.00000   -3.65744536E-08   +7.56677378E-05
  971.4680   6.992687   1.146264   0.013143    0.00000   -3.80965444E-08   +9.89043895E-05
 1141.4297   7.009122   0.147967   0.011122    0.00000   -1.77584093E-08   +8.22439321E-05
 1326.5563   7.183292  -0.570701   0.008019    0.00000   +1.04551486E-08   +2.71805534E-05
 1527.0022   7.351103  -0.791276   0.005856    0.00000   +1.72139668E-08   -1.04266451E-05
 1743.0598   7.494438  -0.725247   0.004623    0.00000   +1.76491512E-08   -2.44015952E-05
 1975.2831   7.778901  -0.576596   0.002656    0.00000   +1.66876948E-08   -3.29545167E-05
 2224.0049   8.264945  -0.414830  -0.000321    0.00000   +2.31032726E-08   -4.17911058E-05
 2489.8467   8.905085  -0.195755  -0.005151    0.00000   +3.31788043E-08   -5.08112753E-05
 2773.6458   9.428093   0.249633  -0.009860    0.00000   +3.42399054E-08   -6.30513978E-05
 3075.4863   9.294857   0.515446  -0.015223    0.00000   +6.59106474E-09   -8.03251191E-06
 3394.5947   8.908193   0.287836  -0.018546    0.00000   +5.57602728E-09   +6.99880190E-06
 3731.7078   8.923134  -0.022828  -0.015885    0.00000   +1.90377461E-08   +1.38910061E-06
 4086.9807   9.236143  -0.205743  -0.014593    0.00000   +2.44320120E-08   -1.18271479E-05
 4461.1147   9.698461  -0.378040  -0.018236    0.00000   +1.81039811E-08   +7.97614192E-06
 4854.3496  10.061590  -0.877170  -0.015596    0.00000   -7.95877995E-10   +3.06843483E-05
 5267.5005  10.335437  -1.645984  -0.011286    0.00000   -3.46124945E-09   +4.05953149E-05
 5700.3960  10.648465  -2.183717  -0.007934    0.00000   -1.23644793E-09   -4.64055610E-06
 6153.5264  11.289406  -2.161005  -0.008572    0.00000   +1.17822366E-09   -4.24658581E-05
 6627.7109  12.127421  -1.936863  -0.006356    0.00000   +2.80358156E-09   -5.09514523E-05
 7122.6924  13.016944  -1.796148  -0.001647    0.00000   +7.37453457E-09   -5.55435934E-05
 7638.5791  14.135843  -2.115385   0.000808    0.00000   +6.32404581E-09   -5.49384070E-06
 8175.8579  15.353051  -2.725460   0.000825    0.00000   -9.69456341E-11   -1.93889273E-05
 8734.2520  16.343178  -3.278932   0.002449    0.00000   -6.36807135E-09   -1.14628550E-06
 9314.7754  17.128300  -3.970753   0.005033    0.00000   +8.46769634E-11   +5.11085008E-06
 9917.5352  17.654894  -4.642701   0.004521    0.00000   +1.77875819E-09   +3.68077574E-05
10542.9268  18.013109  -5.460891   0.004850    0.00000   +4.44084804E-10   +6.53154499E-05
11196.7207  18.179667  -6.245912   0.002619    0.00000   +1.51810158E-10   +6.53457895E-05
11885.8467  17.413227  -6.270352   0.007025    0.00000   -6.09585315E-11   +1.06537851E-04
12607.5527  16.310997  -5.341060   0.014973    0.00000   +1.64666745E-12   -6.27025252E-05
13353.4365  15.757012  -3.968155   0.010992    0.00000   -3.44474074E-14   -8.93704055E-05
14119.2480  13.961576  -2.952733   0.005414    0.00000   +4.15861443E-13   +4.73815630E-05
14907.4619  10.567951  -2.831766   0.015637    0.00000   -1.19614442E-12   +3.15123757E-05
15724.2168   7.066689  -3.228274   0.008419    0.00000   +8.95114782E-13   +2.16413284E-05
16570.6562   4.071584  -3.586001  -0.002931    0.00000   -1.54926781E-13   +5.74997006E-05
17444.8438   2.125012  -3.832427  -0.002609    0.00000   +3.54053088E-13   +4.00342252E-05
18345.7910   1.061547  -4.026554  -0.005071    0.00000   -4.49392887E-13   +2.90512998E-05
19273.3887  -0.576851  -4.064489  -0.008121    0.00000   -2.40610609E-13   +4.21871606E-05
20228.8320  -3.151484  -4.018115  -0.010319    0.00000   -8.40966888E-13   +5.91079559E-05
21212.7793  -5.524275  -4.217330  -0.008453    0.00000   -1.24475858E-12   +4.15345155E-05

#   zf [m]   Ug [m/s]   Vg [m/s]   ws [m/s] dthdtls_rad [K/s] dqv/dt [1/s]      dth/dt [K/s]
# 43200.00   
    9.8191   6.396732  -0.943950  -0.000405    0.00000   +7.13169001E-09   -9.27660704E-06
   35.0361   6.396732  -0.943950  -0.000731    0.00000   +8.62894270E-09   -1.16097852E-05
   71.6438   6.470007  -0.891402  -0.001257    0.00000   +9.38183480E-09   -1.29711949E-05
  119.9848   6.518723  -0.844534  -0.001945    0.00000   +9.88883644E-09   -1.38270718E-05
  180.4071   6.603817  -0.780811  -0.002772    0.00000   +1.02715942E-08   -1.44988008E-05
  253.2439   6.720373  -0.686670  -0.003759    0.00000   +1.05653424E-08   -1.51347030E-05
  338.8432   6.829074  -0.593307  -0.004918    0.00000   +1.07649939E-08   -1.57657855E-05
  437.5529   6.971718  -0.486329  -0.006251    0.00000   +1.08136064E-08   -1.64510335E-05
  549.7112   7.116150  -0.360511  -0.007736    0.00000   +1.01231814E-08   -1.67170421E-05
  675.6624   7.256402  -0.244006  -0.009329    0.00000   +5.88783309E-09   -1.44560456E-05
  815.7755   7.303550  -0.206227  -0.010052    0.00000   -2.88955642E-08   +5.46044002E-06
  970.5827   7.163196  -0.402304  -0.007609    0.00000   -5.57909851E-08   +4.58351670E-05
 1140.4797   6.898079  -0.826866  -0.004827    0.00000   -5.16964076E-08   +5.66005668E-05
 1325.5225   6.719927  -1.178627  -0.002313    0.00000   -4.16911554E-08   +2.06932274E-05
 1525.9376   6.738871  -1.231158  -0.001200    0.00000   -2.97440431E-08   -2.13413807E-05
 1742.1144   6.906104  -1.045632  -0.001126    0.00000   -1.69228546E-08   -2.96911882E-05
 1974.4042   7.223642  -0.786254  -0.000618    0.00000   -3.70281560E-09   -3.43697853E-05
 2223.1768   7.720508  -0.468738   0.000230    0.00000   -1.65833918E-09   -3.98781878E-05
 2489.0293   8.369651  -0.180194   0.000408    0.00000   -4.36609250E-09   -2.52854888E-05
 2772.7195   8.909028  -0.087017  -0.001184    0.00000   +7.12020521E-09   -1.83916849E-05
 3074.4175   8.785862  -0.266162  -0.002247    0.00000   +2.73753851E-08   -1.17528294E-05
 3393.7827   8.492105  -0.482727  -0.001507    0.00000   +1.85103061E-08   -1.46943607E-05
 3730.8118   8.724645  -0.389025   0.001050    0.00000   +6.48065094E-09   -2.63046831E-05
 4086.2781   9.264102  -0.255698   0.001464    0.00000   -5.77239270E-09   -5.26798735E-07
 4460.6670   9.977780  -0.334758   0.000951    0.00000   -1.25045862E-08   +1.08379335E-05
 4854.0542  10.562573  -0.544583   0.005486    0.00000   -1.15114014E-08   +1.40158735E-05
 5267.2783  10.995737  -0.817869   0.011728    0.00000   +6.23867518E-10   +1.25532325E-05
 5699.9722  11.371603  -0.889335   0.012853    0.00000   +5.01915002E-09   -5.05609673E-06
 6153.1279  11.744886  -0.955889   0.008304    0.00000   +8.38566841E-09   +1.57501153E-05
 6627.1938  12.240477  -0.994631  -0.000022    0.00000   +2.21986567E-08   -3.89340536E-05
 7122.3960  13.147378  -0.983037  -0.007803    0.00000   +1.89224623E-08   -2.12971278E-05
 7638.4443  14.547101  -1.204152  -0.010970    0.00000   +9.74335465E-09   -1.90514017E-05
 8175.7295  15.792368  -1.607480  -0.011783    0.00000   +1.12865400E-09   +2.80443049E-05
 8734.0596  16.699387  -2.240260  -0.013218    0.00000   +4.58656223E-09   +2.22398439E-05
 9314.7578  17.590462  -2.878569  -0.014036    0.00000   +6.75706395E-09   +2.93131092E-05
 9917.6865  17.880548  -3.675206  -0.015280    0.00000   +3.80302928E-09   +9.78370792E-05
10543.2861  17.598690  -4.792385  -0.009010    0.00000   +7.30249472E-10   +1.44084959E-04
11195.8848  17.465733  -5.821090   0.003681    0.00000   -8.65731240E-10   +4.95761032E-05
11883.6338  17.522675  -5.851766   0.010476    0.00000   -3.18682686E-10   -1.25630414E-05
12605.0029  17.068064  -4.853339   0.010946    0.00000   -2.99347022E-11   -7.73589819E-05
13351.3125  16.346933  -3.649958   0.005853    0.00000   +1.05994633E-11   -8.44008471E-05
14118.6250  14.784839  -1.959625   0.006511    0.00000   +2.84359725E-13   -8.38427862E-05
14906.9473  12.435631  -0.274552   0.017651    0.00000   -3.96009788E-12   -3.42647951E-05
15723.1416  10.578042  -0.310612   0.013950    0.00000   +1.53711776E-12   +7.13169465E-05
16569.5840   9.139233  -1.712949   0.004931    0.00000   +1.71805579E-13   +4.51235429E-05
17443.9453   7.275814  -2.954062  -0.000835    0.00000   -9.62859788E-16   +3.75946114E-05
18345.5039   4.549980  -3.510967  -0.004679    0.00000   -2.05543014E-13   +3.95550676E-05
19274.2207   1.391154  -3.790487  -0.007396    0.00000   +1.08222237E-13   +2.99636228E-05
20229.8477  -1.253410  -4.313905  -0.010383    0.00000   -4.56236386E-13   +9.42044534E-06
21213.2832  -2.898848  -5.095822  -0.008889    0.00000   -2.45210235E-13   -1.38739165E-05

#   zf [m]   Ug [m/s]   Vg [m/s]   ws [m/s] dthdtls_rad [K/s] dqv/dt [1/s]      dth/dt [K/s]
# 54000.00   
    9.8192   4.832389  -3.808552   0.001230    0.00000   +1.72863071E-08   -3.75654292E-05
   35.0512   4.832389  -3.808552   0.001688    0.00000   +2.25959469E-08   -4.92913284E-05
   71.6698   4.891910  -3.708716   0.002237    0.00000   +2.53389474E-08   -5.54547436E-05
  120.0230   4.980648  -3.565375   0.002678    0.00000   +2.72140506E-08   -5.96992966E-05
  180.4617   5.120869  -3.377613   0.003166    0.00000   +2.86675821E-08   -6.30741631E-05
  253.3168   5.303922  -3.145134   0.003720    0.00000   +2.98415045E-08   -6.59402185E-05
  338.9389   5.505149  -2.875480   0.004325    0.00000   +3.06831240E-08   -6.82841745E-05
  437.6726   5.754354  -2.551223   0.004957    0.00000   +3.12669491E-08   -7.04476537E-05
  549.8603   6.020024  -2.169749   0.005579    0.00000   +3.12142351E-08   -7.20455123E-05
  675.8413   6.314026  -1.742354   0.005928    0.00000   +3.04635337E-08   -7.29016691E-05
  815.9580   6.604695  -1.278668   0.005963    0.00000   +2.81895286E-08   -7.27916443E-05
  970.5665   6.954154  -0.798019   0.006235    0.00000   +2.63525398E-09   -5.92704626E-05
 1140.0796   7.352096  -0.434988   0.006851    0.00000   -4.08959859E-08   -2.21204049E-05
 1324.8346   7.740272  -0.277275   0.008927    0.00000   -4.53747133E-08   -9.73239313E-06
 1525.0839   8.167601  -0.221035   0.009425    0.00000   -2.62722222E-08   -2.19799060E-05
 1741.2494   8.505768  -0.153105   0.008668    0.00000   -9.04068577E-09   -3.00051122E-05
 1973.5217   8.716388  -0.080151   0.006348    0.00000   +1.12831262E-08   -2.64511444E-05
 2222.4614   8.969490  -0.078779   0.002955    0.00000   +1.58739586E-08   -1.04777274E-05
 2488.4460   9.322543  -0.148693   0.001056    0.00000   +9.14380594E-09   +8.64664893E-07
 2772.3191   9.457460  -0.339353   0.000528    0.00000   +9.66661837E-09   -1.57706747E-05
 3073.7366   9.063341  -0.553156  -0.001834    0.00000   +2.93088183E-08   -3.43643896E-05
 3392.9456   8.745485  -0.549362  -0.005541    0.00000   +4.84768818E-08   -4.10232800E-05
 3730.0637   8.920605  -0.311977  -0.005971    0.00000   +2.37172954E-08   -3.01452210E-05
 4085.5789   9.417870   0.006054  -0.001997    0.00000   -4.49810769E-09   -2.47081505E-05
 4459.9380  10.161734   0.090678   0.007281    0.00000   -1.56009326E-08   +1.29702038E-05
 4853.1489  11.047573  -0.173016   0.019648    0.00000   +3.93323033E-09   +1.37249395E-05
 5266.1562  11.890014  -0.402140   0.024069    0.00000   +3.64310093E-08   -1.42731800E-05
 5698.8818  12.391753  -0.482658   0.022520    0.00000   +3.39418868E-08   -1.46280301E-05
 6151.7124  12.677479  -0.428305   0.021371    0.00000   +9.90608257E-09   -3.78185835E-05
 6625.8618  12.971459  -0.277599   0.019018    0.00000   -3.90649852E-09   -2.52756220E-05
 7121.0762  13.372835  -0.170465   0.012473    0.00000   -1.20656968E-08   -2.00401864E-05
 7637.2227  14.094934  -0.050616   0.011839    0.00000   -1.03835935E-08   -2.15024309E-05
 8174.5947  15.032060  -0.049671   0.015282    0.00000   -3.84403171E-09   +8.81602899E-06
 8733.1631  16.071638  -0.338211   0.010428    0.00000   +1.00719024E-09   +5.15011778E-05
 9313.9268  17.269863  -0.937040   0.010611    0.00000   +1.00547181E-09   +5.75712942E-05
 9916.9414  18.011110  -1.711171   0.013189    0.00000   +1.80039856E-11   +8.50022894E-05
10543.0312  17.855593  -2.495549   0.013552    0.00000   -2.09656262E-09   +1.21862609E-04
11195.5303  17.106644  -3.619117   0.010759    0.00000   -1.27504150E-09   +1.58071522E-04
11881.5449  16.388916  -4.787964   0.011562    0.00000   -3.04377045E-10   +5.88495981E-05
12601.9219  16.272213  -4.931626   0.012199    0.00000   -3.50706908E-11   -5.91767187E-05
13348.6465  16.294785  -4.007685   0.006552    0.00000   +2.35144715E-11   -8.91283580E-05
14116.5820  15.217079  -2.429344   0.001560    0.00000   -1.37914093E-13   -7.78949898E-05
14906.3564  13.091854  -1.080334   0.003816    0.00000   -4.40993292E-12   -1.96705001E-05
15722.6680  11.028052  -0.978135   0.009602    0.00000   +2.36276616E-12   +3.26923568E-05
16568.2969   9.176475  -1.986931   0.012015    0.00000   -1.45635743E-13   +8.98555870E-06
17442.7715   6.498597  -2.762824   0.003751    0.00000   -8.37023745E-13   -3.44828035E-05
18344.2656   2.697233  -2.722976   0.004284    0.00000   -1.36677382E-13   +1.69477123E-06
19272.7910  -0.973970  -3.048678   0.009269    0.00000   -3.12104844E-13   +3.85966463E-05
20229.1621  -3.714624  -4.016886   0.007926    0.00000   +2.45190822E-12   +1.73448797E-05
21213.7637  -5.617823  -4.750712   0.004706    0.00000   +2.63928795E-12   +1.42573169E-05

#   zf [m]   Ug [m/s]   Vg [m/s]   ws [m/s] dthdtls_rad [K/s] dqv/dt [1/s]      dth/dt [K/s]
# 64800.00   
    9.8191   5.391257  -3.794170  -0.001279    0.00000   +1.64675546E-08   -3.17048417E-05
   35.0730   5.391257  -3.794170  -0.001152    0.00000   +2.36681590E-08   -4.86270165E-05
   71.7120   5.276781  -3.748087  -0.000709    0.00000   +3.01684982E-08   -6.62871678E-05
  120.0871   5.278453  -3.640735   0.000450    0.00000   +3.84283400E-08   -9.19783271E-05
  180.5300   5.421124  -3.445341   0.001870    0.00000   +4.45484073E-08   -1.14343171E-04
  253.3782   5.666121  -3.172876   0.002582    0.00000   +4.61925980E-08   -1.24127082E-04
  338.9867   5.957864  -2.839192   0.002219    0.00000   +4.49125132E-08   -1.22862803E-04
  437.7053   6.299519  -2.454282   0.000818    0.00000   +4.26315408E-08   -1.15973495E-04
  549.8718   6.658873  -2.015302  -0.001817    0.00000   +3.84733998E-08   -1.10708456E-04
  675.8338   7.062025  -1.509654  -0.005428    0.00000   +2.79063740E-08   -1.04520145E-04
  815.9511   7.440337  -1.004968  -0.009515    0.00000   -7.97239676E-09   -8.16568670E-05
  970.5932   7.760314  -0.641823  -0.012386    0.00000   -5.07922238E-08   -4.55513039E-05
 1140.1774   7.949377  -0.466776  -0.014109    0.00000   -6.01896612E-08   -1.81889655E-05
 1324.9058   8.034003  -0.438006  -0.014008    0.00000   -4.37133375E-08   -7.10762629E-06
 1525.1398   8.150491  -0.502389  -0.012630    0.00000   -1.92969542E-08   -7.26721501E-06
 1741.2700   8.208831  -0.635849  -0.010603    0.00000   +1.43794584E-08   -1.42295377E-05
 1973.6522   8.150329  -0.828851  -0.007631    0.00000   +4.01012599E-08   -6.83542808E-06
 2222.5796   8.061288  -1.168216  -0.004847    0.00000   +5.50250210E-08   +1.63971228E-06
 2488.4907   8.095962  -1.611038  -0.003017    0.00000   +8.50337042E-08   -7.87995812E-06
 2771.9866   8.195524  -1.879278  -0.002818    0.00000   +1.12767081E-07   -7.43095645E-05
 3073.0730   8.411247  -1.707506  -0.003180    0.00000   +8.90850349E-08   -1.03404109E-04
 3392.0408   9.001907  -1.177337  -0.006326    0.00000   +7.19854612E-08   -1.08813960E-04
 3729.1262   9.792530  -0.580376  -0.010187    0.00000   +5.34919116E-08   -9.38766936E-05
 4084.8567  10.687104  -0.214489  -0.009396    0.00000   +4.52090266E-08   -6.48706121E-05
 4459.5596  11.671388  -0.123783  -0.006159    0.00000   +3.70988715E-08   -4.77052313E-05
 4852.9531  12.443824  -0.216315  -0.004864    0.00000   +3.42287493E-08   -6.25694738E-06
 5265.9839  13.036674  -0.458290  -0.004489    0.00000   +2.94273370E-08   +9.64909107E-07
 5698.5391  13.654203  -0.507408  -0.003850    0.00000   +9.38856781E-09   -3.10417013E-05
 6151.1455  14.141291  -0.434773  -0.003975    0.00000   -4.11341168E-09   -1.54870702E-05
 6625.5620  14.484110  -0.494352  -0.007777    0.00000   +3.00918435E-09   -2.06613058E-05
 7120.9829  14.957615  -0.300799  -0.009155    0.00000   +7.56719035E-09   -7.33762115E-05
 7637.1738  15.896173   0.101754  -0.010363    0.00000   +5.82435848E-09   -4.00687004E-05
 8174.4634  17.105083   0.327526  -0.009498    0.00000   +8.15633311E-09   -1.45477296E-05
 8733.3477  18.368126   0.230749  -0.007026    0.00000   +5.02363534E-09   +1.54528811E-05
 9314.3096  19.487957  -0.156620  -0.008632    0.00000   +3.97250267E-09   +3.08490267E-05
 9918.0635  19.764929  -0.673541  -0.008787    0.00000   +1.73540801E-09   +7.10700921E-05
10543.9209  19.625351  -1.068946  -0.007582    0.00000   +2.13538877E-10   +1.89420404E-05
11195.8379  19.195637  -1.007114   0.002089    0.00000   +1.11977239E-09   +8.86103632E-06
11881.4912  18.110952  -1.017356   0.008750    0.00000   +3.36637987E-10   +8.59652508E-05
12602.0889  16.896023  -1.608539   0.011484    0.00000   -1.47093631E-12   +1.36635438E-04
13348.7168  15.969343  -2.084064   0.010970    0.00000   -9.10252970E-12   +5.42195485E-05
14116.4844  14.693718  -1.038467   0.010006    0.00000   +3.82891891E-13   -1.26911507E-04
14906.9189  12.672611   1.031538   0.010882    0.00000   -2.88476969E-13   -9.25773340E-05
15723.6738  10.560939   2.204195   0.014158    0.00000   +1.07291973E-12   -1.60280903E-05
16568.8848   8.886227   2.004788   0.011446    0.00000   -5.30559387E-13   +2.75562462E-05
17443.2812   6.868258   1.301157  -0.002722    0.00000   -1.30856641E-12   +1.99733194E-06
18344.7910   3.882922   0.944154  -0.013542    0.00000   -3.10082785E-13   +1.84735145E-05
19272.9766   1.191370   0.401206  -0.016251    0.00000   -2.15806316E-13   +2.64601028E-05
20229.2676  -0.700037  -0.662967  -0.013255    0.00000   +2.66976612E-12   +6.37887748E-06
21214.0020  -2.538537  -1.919508  -0.006912    0.00000   +1.24279394E-12   -1.30158428E-06

#   zf [m]   Ug [m/s]   Vg [m/s]   ws [m/s] dthdtls_rad [K/s] dqv/dt [1/s]      dth/dt [K/s]
# 75600.00   
    9.8203   4.536725  -2.987344  -0.004213    0.00000   +5.50255489E-09   -3.19062618E-05
   35.0887   4.536725  -2.987344  -0.005032    0.00000   +8.50773532E-09   -4.79953478E-05
   71.7596   4.322622  -2.902030  -0.005440    0.00000   +1.18126818E-08   -6.71960797E-05
  120.1842   4.198608  -2.754145  -0.004062    0.00000   +1.60838135E-08   -9.63678102E-05
  180.6944   4.275044  -2.528061  -0.000999    0.00000   +2.03762657E-08   -1.28132137E-04
  253.6279   4.565003  -2.221991   0.003103    0.00000   +2.57521684E-08   -1.58731583E-04
  339.3210   5.039124  -1.867873   0.007265    0.00000   +3.15482694E-08   -1.63236485E-04
  438.1268   5.660974  -1.497287   0.010901    0.00000   +3.17589424E-08   -1.50541168E-04
  550.4152   6.312670  -1.111761   0.013840    0.00000   +2.33261176E-08   -1.26404939E-04
  676.4890   6.940884  -0.734353   0.016301    0.00000   +9.44360175E-09   -1.00427769E-04
  816.7094   7.516984  -0.466618   0.019021    0.00000   -5.71011409E-09   -7.70905818E-05
  971.4597   8.001198  -0.361094   0.021859    0.00000   -1.64759998E-08   -4.59642389E-05
 1141.0179   8.404578  -0.404443   0.022235    0.00000   -1.79307417E-08   -1.22029980E-05
 1325.7201   8.744946  -0.574171   0.019811    0.00000   -6.60721549E-09   +1.62530284E-06
 1525.9913   9.016062  -0.793984   0.017423    0.00000   +1.10940609E-08   +9.26013202E-07
 1742.1245   9.159918  -1.054531   0.016742    0.00000   +3.42756680E-08   +4.32813289E-06
 1974.5023   9.156078  -1.376576   0.017454    0.00000   +6.15047068E-08   +6.27477562E-06
 2223.4922   8.942060  -1.784352   0.017133    0.00000   +7.21860823E-08   +8.83835948E-06
 2489.5229   8.612072  -2.309093   0.014356    0.00000   +7.60039120E-08   +1.06987843E-05
 2772.8198   8.403610  -2.679621   0.009097    0.00000   +8.72126629E-08   -3.03192499E-05
 3073.6213   8.496156  -2.615249   0.003607    0.00000   +8.42808882E-08   -6.39610027E-05
 3392.4666   8.836094  -2.172802  -0.002045    0.00000   +6.82775890E-08   -9.80912330E-05
 3729.7375   9.363219  -1.543661  -0.006488    0.00000   +5.76678993E-08   -9.71487407E-05
 4085.5107  10.325957  -1.004425  -0.009305    0.00000   +5.14625480E-08   -8.48422375E-05
 4460.3696  11.447283  -0.657765  -0.012008    0.00000   +4.02280731E-08   -6.28201511E-05
 4853.9277  12.210351  -0.520461  -0.010870    0.00000   +2.37388505E-08   -1.74620825E-05
 5266.8003  12.828917  -0.579847  -0.009206    0.00000   +8.55220748E-09   +7.56342936E-06
 5699.2974  13.354557  -0.889694  -0.009021    0.00000   -9.51859532E-10   +2.41251647E-05
 6152.0269  13.755298  -1.502010  -0.007093    0.00000   -5.58139829E-10   +4.91061215E-05
 6626.1304  14.224460  -1.878128  -0.006117    0.00000   +1.01056698E-08   -3.00109882E-05
 7120.9819  14.625263  -1.240895  -0.006620    0.00000   +1.43128606E-08   -1.51348602E-04
 7637.4756  15.311868  -0.221098  -0.010976    0.00000   +1.05883175E-08   -1.01465693E-04
 8175.3213  16.523798   0.329827  -0.013242    0.00000   +3.61308558E-09   -5.03477903E-05
 8734.2393  18.026588   0.485095  -0.006342    0.00000   -6.76132082E-10   -1.27007431E-05
 9315.2539  19.476513   0.209717   0.000227    0.00000   -2.94911098E-09   +3.41991802E-05
 9918.9287  20.463968  -0.121138   0.009282    0.00000   -2.22462653E-09   +2.23138078E-06
10545.2402  21.198290  -0.268020   0.013735    0.00000   -6.51276415E-12   +2.51130204E-05
11196.5449  21.325319  -0.522606   0.018385    0.00000   +6.86893477E-10   +6.64707115E-05
11881.8896  20.689434  -1.517397   0.013838    0.00000   +8.56027586E-11   +2.45109493E-04
12602.7129  19.793348  -2.916255   0.011159    0.00000   -3.04481453E-11   +1.73963602E-04
13349.4092  18.979120  -3.324693   0.003147    0.00000   -7.28263438E-12   +1.71683862E-05
14116.8555  17.836939  -2.446505  -0.005343    0.00000   -9.68972640E-13   -9.92431091E-05
14908.2549  16.173960  -0.993962  -0.006700    0.00000   -1.34851255E-12   -6.99208387E-05
15725.7637  14.061664   0.277689   0.001872    0.00000   +5.67053615E-14   -4.47797818E-05
16570.2910  11.366962   0.935935   0.006235    0.00000   -9.02960118E-14   -1.38780164E-05
17444.9512   8.010321   1.073840   0.001408    0.00000   -7.90492794E-13   +4.87437427E-07
18347.0195   4.570276   1.210515  -0.001297    0.00000   +1.44296940E-14   +6.69189895E-06
19274.4238   1.626412   1.139868  -0.001315    0.00000   +7.83216695E-15   -6.12633866E-06
20228.9219  -1.138774   0.683346   0.002341    0.00000   +4.64376956E-13   -1.04204894E-05
21211.8691  -3.938528  -0.063203   0.004341    0.00000   +8.63880277E-13   -6.48434676E-06

#   zf [m]   Ug [m/s]   Vg [m/s]   ws [m/s] dthdtls_rad [K/s] dqv/dt [1/s]      dth/dt [K/s]
# 86400.00   
    9.8183   4.156198  -1.395152  -0.004249    0.00000   -7.47224972E-10   -2.12911396E-05
   35.0864   4.156198  -1.395152  -0.005174    0.00000   -4.28402567E-10   -3.31207132E-05
   71.7552   3.986685  -1.247463  -0.005750    0.00000   +3.25927365E-10   -4.93676310E-05
  120.1737   3.957867  -1.028291  -0.004669    0.00000   +1.43594697E-09   -7.35084192E-05
  180.6789   4.143700  -0.732483  -0.002099    0.00000   +3.27719716E-09   -9.91783118E-05
  253.6131   4.530987  -0.394145   0.001339    0.00000   +7.09641765E-09   -1.19524997E-04
  339.3295   5.037969  -0.047850   0.004503    0.00000   +1.22341475E-08   -1.15041060E-04
  438.1751   5.579380   0.257887   0.006636    0.00000   +1.68120479E-08   -9.74024985E-05
  550.4787   6.039319   0.494985   0.007950    0.00000   +1.56262108E-08   -7.35012131E-05
  676.5571   6.443750   0.690538   0.008608    0.00000   +5.96349734E-09   -5.40948501E-05
  816.7899   6.833135   0.851577   0.009368    0.00000   -9.96041103E-10   -3.93428176E-05
  971.5911   7.151906   0.913199   0.009053    0.00000   -8.52020716E-10   -2.90957590E-05
 1141.2780   7.379449   0.808291   0.008283    0.00000   +1.35852857E-09   -2.90089303E-06
 1326.1484   7.564503   0.531969   0.006468    0.00000   +9.11575065E-09   +2.39951388E-05
 1526.4021   7.674938   0.189808   0.005112    0.00000   +2.40887911E-08   +2.53005269E-05
 1742.5850   7.657321  -0.164255   0.004757    0.00000   +3.04227969E-08   +2.03009496E-05
 1975.1211   7.354243  -0.620529   0.005369    0.00000   +2.48928762E-08   +2.56032448E-05
 2224.2180   6.765520  -1.131590   0.006300    0.00000   +1.50742411E-08   +2.04695839E-05
 2490.2610   6.195866  -1.609410   0.006736    0.00000   +1.07956533E-08   +1.75270700E-05
 2773.4946   5.847985  -1.936681   0.006093    0.00000   +1.53442054E-08   -5.92331420E-06
 3074.3188   5.701624  -1.978345   0.004165    0.00000   +2.13635511E-08   -3.60193514E-05
 3393.2993   5.923644  -1.679100   0.001139    0.00000   +3.28919561E-08   -7.16138282E-05
 3730.4631   6.846616  -1.138549  -0.000949    0.00000   +4.60230545E-08   -8.71900055E-05
 4086.1636   8.498206  -0.487532  -0.002548    0.00000   +3.52969775E-08   -8.67520174E-05
 4460.8018  10.362704   0.105800  -0.001366    0.00000   -6.61629802E-11   -6.39251159E-05
 4854.5889  11.882591   0.367520   0.002369    0.00000   -4.39485959E-08   -1.95980363E-05
 5267.5420  12.781529   0.364214   0.001860    0.00000   -5.88679472E-08   +4.36867802E-06
 5700.2900  13.252350   0.136112  -0.002111    0.00000   -5.60565934E-08   +3.52350932E-05
 6153.0298  13.632534  -0.300160  -0.006182    0.00000   -4.77777572E-08   +4.53722089E-05
 6626.4297  13.947809  -0.666422  -0.015087    0.00000   -2.27483745E-08   +1.97292071E-05
 7120.5835  14.552051  -0.734795  -0.019387    0.00000   -1.13939516E-08   -5.25408408E-05
 7637.3989  16.437796  -0.645443  -0.020213    0.00000   -1.23820871E-08   -5.93452827E-05
 8175.3872  18.815657  -0.909353  -0.021563    0.00000   -9.44542542E-09   +2.98426873E-05
 8734.6699  20.518642  -1.371010  -0.017780    0.00000   -3.75121139E-09   -5.03686410E-07
 9315.2266  22.073975  -1.422975  -0.004238    0.00000   -8.14323914E-10   -4.78401299E-05
 9919.1709  23.721033  -1.516868   0.005227    0.00000   -7.09711264E-10   +2.44792111E-05
10545.7080  24.840292  -1.904973   0.003407    0.00000   -1.03474416E-09   +5.32586903E-05
11197.8486  24.530365  -2.427779  -0.003337    0.00000   -5.96397155E-10   +1.13863130E-04
11884.0801  23.324146  -2.723051  -0.004696    0.00000   -1.13442167E-10   +5.21049772E-05
12605.1963  22.409569  -2.200274   0.000126    0.00000   +1.35355629E-11   -4.52111852E-05
13351.1338  20.979134  -1.098712  -0.001534    0.00000   -3.21933485E-12   -7.10983529E-05
14117.6650  18.499111  -0.035489  -0.002205    0.00000   -1.07206476E-12   -8.52426580E-05
14908.9414  15.420108   0.857538   0.005303    0.00000   -5.94011015E-13   -3.49740542E-05
15725.9824  12.272805   1.674409   0.011594    0.00000   -3.05967735E-13   -9.25112586E-06
16570.9141   9.344553   2.086420   0.011836    0.00000   +1.06327029E-13   +2.09919731E-05
17445.4551   6.845809   2.084043   0.004757    0.00000   -7.23326136E-13   +1.93278901E-05
18347.0273   4.729377   2.029938   0.002703    0.00000   -2.46517934E-13   +7.24037022E-06
19274.7500   1.964710   1.890288   0.004489    0.00000   +2.37824774E-13   -2.52934561E-05
20230.7266  -1.488072   1.507348   0.000273    0.00000   -1.50279178E-13   -2.26181528E-05
21215.4414  -3.870510   0.728675  -0.003752    0.00000   +3.95639062E-14   -3.12861875E-05

#   zf [m]   Ug [m/s]   Vg [m/s]   ws [m/s] dthdtls_rad [K/s] dqv/dt [1/s]      dth/dt [K/s]
# 97200.00   
    9.8206   3.583531  -1.075444  -0.003823    0.00000   -9.95729756E-10   -4.53527743E-06
   35.0830   3.583531  -1.075444  -0.004753    0.00000   -1.17097173E-09   -9.78294684E-06
   71.7482   3.445552  -1.020454  -0.005537    0.00000   -1.20893941E-09   -1.97905023E-05
  120.1669   3.431626  -0.953464  -0.005244    0.00000   -1.02309100E-09   -3.45075954E-05
  180.6848   3.605788  -0.858856  -0.004345    0.00000   +3.92199629E-11   -4.95806190E-05
  253.6430   3.959030  -0.743966  -0.003313    0.00000   +2.41780970E-09   -5.96755385E-05
  339.3809   4.368464  -0.603936  -0.002745    0.00000   +6.01451467E-09   -5.80145847E-05
  438.2509   4.771928  -0.455836  -0.002881    0.00000   +1.02101352E-08   -4.66172044E-05
  550.5948   5.103750  -0.333002  -0.003672    0.00000   +1.45805585E-08   -3.44361153E-05
  676.7415   5.416518  -0.260419  -0.004863    0.00000   +1.96702884E-08   -3.14452735E-05
  817.0579   5.712057  -0.257575  -0.005792    0.00000   +2.71880400E-08   -3.21612593E-05
  971.8981   5.999819  -0.260175  -0.006781    0.00000   +3.94008220E-08   -4.15921327E-05
 1141.5790   6.302491  -0.196462  -0.007639    0.00000   +5.15320599E-08   -4.16329019E-05
 1326.4640   6.597453  -0.114294  -0.009211    0.00000   +5.85163043E-08   -2.88177240E-05
 1526.8129   6.796178  -0.118657  -0.009827    0.00000   +4.64741507E-08   -1.29604803E-05
 1743.0035   6.888185  -0.190545  -0.008234    0.00000   +2.13737838E-08   -7.13174137E-06
 1975.4108   6.886380  -0.186254  -0.005950    0.00000   +4.42079935E-09   -2.05852158E-05
 2224.2124   6.778230   0.031657  -0.004094    0.00000   +9.84655888E-10   -4.00632742E-05
 2490.1333   6.670345   0.196513  -0.002032    0.00000   -1.00592263E-08   -2.07722573E-05
 2773.2539   6.691731   0.145980  -0.000844    0.00000   -9.96614768E-09   -8.56685311E-06
 3073.9583   6.853918   0.244772  -0.000132    0.00000   -1.06018209E-09   -3.03494841E-05
 3392.6838   7.270978   0.523055  -0.000886    0.00000   -6.11279241E-09   -3.79702158E-05
 3729.9187   8.209578   0.393248  -0.002330    0.00000   -2.61054721E-08   +1.96151042E-05
 4085.8760   9.708074  -0.206263  -0.002099    0.00000   -5.16328775E-08   +1.87697648E-05
 4460.3145  11.450391  -0.431906  -0.000638    0.00000   -5.79294364E-08   -1.83620038E-05
 4854.1816  12.789458  -0.223242   0.000175    0.00000   -3.69542157E-08   -3.22129882E-05
 5267.6294  13.585863  -0.040326   0.000973    0.00000   -1.73616633E-08   -1.86060028E-05
 5700.5093  14.284449   0.084308   0.003153    0.00000   +5.67404818E-09   -1.84288986E-05
 6153.3228  14.863746   0.083991   0.005666    0.00000   +1.44220749E-08   +8.50672524E-06
 6626.5664  15.194692  -0.290769   0.002942    0.00000   +8.05604494E-09   +5.32078817E-05
 7120.9922  15.457073  -1.111815  -0.000040    0.00000   +1.23812495E-08   +8.21317494E-05
 7637.6777  16.600836  -1.832526   0.000605    0.00000   +1.20956166E-08   -1.57861755E-05
 8176.1118  18.466785  -2.367923  -0.003538    0.00000   +1.15970929E-09   +2.08671529E-05
 8734.3184  19.902584  -2.433107  -0.009207    0.00000   +4.20219928E-09   -1.30466248E-04
 9314.5293  21.107826  -1.756746  -0.007901    0.00000   +2.41504101E-09   -1.25461638E-04
 9918.0371  22.477917  -1.155053   0.000301    0.00000   +3.01098515E-11   -7.88422133E-05
10544.8770  23.982933  -0.833350   0.013161    0.00000   -3.58657810E-10   -2.65469203E-05
11198.7227  24.437969  -1.001426   0.016253    0.00000   -4.99352669E-10   +8.42422762E-05
11885.0635  23.298552  -1.210113   0.009477    0.00000   -2.38697964E-10   +5.66414087E-05
12605.3301  22.380362  -0.648013  -0.000685    0.00000   +1.45827190E-13   -5.78648368E-05
13349.5020  21.235214   0.507347  -0.000967    0.00000   +5.79058111E-12   -9.86862829E-05
14115.9111  18.351452   1.805340   0.003675    0.00000   -2.62935639E-13   -1.26353802E-04
14907.8213  14.741850   2.465267   0.012449    0.00000   -4.36548756E-15   +4.16773168E-05
15725.8809  11.570513   1.992309   0.019714    0.00000   +3.23018316E-13   +9.48403033E-05
16571.1074   8.907268   1.492553   0.019672    0.00000   +4.32497282E-13   +3.37178672E-05
17445.7578   6.035911   1.264940   0.010606    0.00000   +2.86327125E-12   +1.26606823E-06
18348.2832   2.338466   0.832151   0.003797    0.00000   +1.34295215E-13   -3.39917732E-05
19278.5566  -1.575069   0.460050  -0.003172    0.00000   +1.93173650E-13   -1.88032575E-05
20235.5625  -4.579544  -0.003175  -0.006833    0.00000   -8.79466592E-13   -1.23262796E-05
21219.8164  -5.840437  -0.667292  -0.005674    0.00000   -5.45137442E-13   -2.68505401E-05

#   zf [m]   Ug [m/s]   Vg [m/s]   ws [m/s] dthdtls_rad [K/s] dqv/dt [1/s]      dth/dt [K/s]
# 108000.00  
    9.8202   4.623487   2.899405  -0.002855    0.00000   -2.82645489E-09   +6.05469810E-06
   35.0733   4.623487   2.899405  -0.004282    0.00000   -3.54745072E-09   +1.06724381E-05
   71.7360   4.498690   2.896109  -0.005497    0.00000   -2.77651947E-09   +1.52910550E-05
  120.1601   4.463794   2.867847  -0.005306    0.00000   -1.82583435E-09   +1.87659499E-05
  180.6908   4.589568   2.822541  -0.004449    0.00000   -1.93092475E-09   +2.06116733E-05
  253.6648   4.831522   2.745640  -0.003672    0.00000   -2.65716769E-09   +2.09109991E-05
  339.4093   5.074744   2.610383  -0.003423    0.00000   -2.09945235E-09   +1.91859714E-05
  438.2863   5.266208   2.404432  -0.003481    0.00000   +1.40486166E-09   +1.60463505E-05
  550.6322   5.388900   2.145539  -0.003264    0.00000   +8.77699033E-09   +8.01048966E-06
  676.7897   5.494369   1.868530  -0.002716    0.00000   +1.62606342E-08   +3.23608807E-08
  817.0914   5.594207   1.606514  -0.002030    0.00000   +1.53903788E-08   -2.62428521E-06
  971.8941   5.695402   1.380809  -0.001737    0.00000   +8.76156563E-09   -1.49149570E-06
 1141.5878   5.762756   1.165401  -0.002552    0.00000   +8.15179305E-09   +1.77360646E-06
 1326.5291   5.783542   0.880404  -0.003751    0.00000   +1.57707926E-08   +5.79499242E-06
 1526.8645   5.736559   0.573310  -0.004501    0.00000   +2.14950011E-08   +4.72108417E-06
 1742.9473   5.566400   0.441798  -0.004632    0.00000   +1.12443210E-08   -3.98186583E-06
 1975.2610   5.388455   0.524176  -0.004517    0.00000   +1.43422939E-09   -1.90716586E-05
 2224.1724   5.252079   0.646986  -0.002753    0.00000   -2.35228324E-09   -2.30632710E-05
 2490.1091   5.203086   0.518185  -0.002015    0.00000   -1.56631175E-08   +1.76635538E-06
 2773.1965   5.353056   0.258966  -0.000669    0.00000   -2.38291195E-08   -8.72487412E-07
 3073.7244   5.849774   0.280851   0.001053    0.00000   -2.04405299E-08   -1.01486192E-05
 3392.2690   6.852861   0.500141   0.001671    0.00000   -2.47446481E-08   -8.47737822E-06
 3730.1016   8.149149   0.244576   0.002813    0.00000   -3.83182817E-08   +5.88977072E-05
 4086.0100   9.504995  -0.178271   0.002769    0.00000   -9.10431022E-09   -1.16444687E-05
 4460.3169  10.946155  -0.013425  -0.002571    0.00000   +2.85135397E-08   -3.81738867E-05
 4854.0557  12.342651   0.229339  -0.008629    0.00000   +2.90300036E-08   -3.47501602E-05
 5267.6660  13.394328   0.203728  -0.011066    0.00000   +1.17440682E-08   -3.38089812E-07
 5700.5063  14.042721   0.062015  -0.008466    0.00000   +3.67864517E-09   -1.69343838E-05
 6153.2012  14.499241   0.077790  -0.006602    0.00000   -3.56615770E-09   -3.27410945E-05
 6626.6729  14.720105   0.048465  -0.001140    0.00000   -1.13718275E-08   -1.01629198E-06
 7121.6646  15.160022  -0.203260   0.003723    0.00000   -1.03028585E-08   +5.16528493E-06
 7638.0835  16.568787  -0.631031   0.007710    0.00000   -8.22113271E-09   -9.49389067E-06
 8176.2817  18.479225  -1.119464   0.004269    0.00000   -3.54360083E-09   -2.18615637E-06
 8734.1846  19.683146  -1.529751  -0.001174    0.00000   -1.17754912E-10   +5.32777269E-06
 9314.3936  20.720335  -1.756657  -0.002671    0.00000   +5.81529704E-10   -2.98869158E-05
 9917.8809  22.288652  -2.061218   0.004125    0.00000   +7.32934600E-10   +6.76459803E-06
10544.6396  23.931658  -2.604529   0.014197    0.00000   -2.64233543E-10   +3.05261689E-05
11198.0781  24.700659  -2.798139   0.011848    0.00000   -4.48382968E-10   -1.98318968E-05
11885.5020  24.266727  -2.409089  -0.004159    0.00000   -2.25083541E-10   +4.20980765E-06
12607.4033  23.464500  -1.595633  -0.017696    0.00000   -1.47626455E-11   -5.35814791E-05
13351.2080  21.908661  -0.570901  -0.020163    0.00000   +1.64672598E-11   -5.61099104E-05
14116.0635  18.644117   0.902568  -0.017138    0.00000   -1.47232402E-12   -1.68733020E-04
14908.7012  15.129122   2.006342  -0.012327    0.00000   -2.81219969E-12   +4.63440954E-06
15726.9131  12.595980   1.591503   0.000151    0.00000   +3.22033393E-12   +5.90255487E-05
16571.2012  10.671880   1.033617   0.006541    0.00000   +6.03851102E-13   +1.54651191E-05
17445.7148   8.411983   1.277179  -0.002115    0.00000   -4.57427777E-12   -2.60915786E-05
18348.3535   5.508048   1.742671  -0.009953    0.00000   +2.03848187E-12   -1.14612643E-05
19278.8242   2.845022   1.738465  -0.009639    0.00000   -1.53140258E-12   +3.25092494E-05
20235.2949   0.429157   1.307588  -0.003921    0.00000   +3.75301853E-12   +2.55422704E-05
21218.2539  -2.029113   0.686757   0.001122    0.00000   -1.66197967E-13   -1.35051996E-06

#   zf [m]   Ug [m/s]   Vg [m/s]   ws [m/s] dthdtls_rad [K/s] dqv/dt [1/s]      dth/dt [K/s]
# 118800.00  
    9.8211   2.594234   1.675594  -0.000941    0.00000   -8.40236213E-10   +1.66960252E-05
   35.0523   2.594234   1.675594  -0.001566    0.00000   -1.00263838E-09   +1.90133707E-05
   71.6744   2.731395   1.730098  -0.002399    0.00000   -1.13404438E-09   +2.01570070E-05
  120.0320   2.930451   1.781484  -0.003336    0.00000   -1.20583650E-09   +2.11444937E-05
  180.4797   3.223233   1.875569  -0.004364    0.00000   -3.45498581E-09   +2.46283830E-05
  253.3720   3.590101   1.944065  -0.005147    0.00000   -8.26470163E-09   +3.52555981E-05
  339.0736   3.999043   1.937861  -0.004969    0.00000   -6.10429146E-09   +3.92583041E-05
  437.9203   4.401412   1.873591  -0.004224    0.00000   -3.78621480E-09   +3.07321991E-05
  550.2104   4.708941   1.769094  -0.003260    0.00000   -4.07090644E-09   +1.95409454E-05
  676.2908   4.916370   1.663176  -0.001705    0.00000   -5.80350539E-09   +9.61183062E-06
  816.5775   5.017983   1.582070   0.000194    0.00000   -8.40543602E-09   +1.37474174E-06
  971.3811   5.050749   1.542488   0.001666    0.00000   -8.16412669E-09   -5.24860019E-07
 1141.0613   5.093747   1.570591   0.001395    0.00000   +1.55980458E-09   -6.29159450E-06
 1325.8871   5.130665   1.675540   0.000070    0.00000   +1.14129789E-08   -1.32591620E-05
 1526.2034   5.114847   1.810030   0.000213    0.00000   +1.21848237E-08   -1.21425868E-05
 1742.3198   5.085014   1.996239   0.001068    0.00000   +6.16297640E-09   -9.53005616E-06
 1974.6411   5.167493   2.267649   0.000938    0.00000   +2.70528772E-10   -9.58060059E-06
 2223.5879   5.339823   2.555636  -0.000539    0.00000   -2.58342812E-09   -7.49929056E-06
 2489.5161   5.569126   2.734583  -0.001460    0.00000   -4.48717015E-09   +8.51851011E-07
 2772.6550   5.882485   2.814477  -0.002266    0.00000   -8.10529241E-09   +5.79242305E-06
 3073.3440   6.481501   2.909554  -0.005594    0.00000   -1.86765930E-08   +1.76486456E-05
 3392.1318   7.444412   2.735098  -0.012882    0.00000   -3.69415804E-08   +4.83846533E-05
 3729.7827   8.958337   2.192136  -0.016595    0.00000   -2.26261462E-08   +6.29432602E-05
 4085.7314  10.687313   1.573199  -0.019066    0.00000   -7.08350245E-09   +6.09074976E-05
 4460.6631  11.826078   1.092367  -0.020629    0.00000   +6.48081162E-09   +3.23652203E-05
 4854.1992  12.772540   1.147950  -0.019514    0.00000   +1.19797374E-08   -3.03839330E-05
 5267.5776  13.862605   1.520159  -0.014243    0.00000   +6.13165039E-09   -3.83159078E-05
 5700.3125  14.888766   1.746412  -0.006612    0.00000   +4.55578736E-09   -1.42066518E-05
 6153.0991  15.852941   1.774831  -0.000256    0.00000   +1.24980338E-08   +6.43826801E-06
 6626.5776  16.458183   1.826805   0.002417    0.00000   +1.14392377E-08   -2.73335772E-05
 7121.5322  16.875280   2.097557   0.005821    0.00000   +9.37697035E-09   -5.32138384E-05
 7638.6787  17.699734   2.253327   0.012217    0.00000   +5.64074979E-09   +2.23035637E-06
 8176.3779  18.765928   2.081263   0.009750    0.00000   +5.70098486E-09   +1.73977949E-05
 8734.0615  19.453602   1.714225   0.001977    0.00000   +5.34445230E-09   +5.33367183E-05
 9314.2070  20.061905   1.138375   0.003525    0.00000   +2.93016325E-09   +7.65183975E-05
 9917.8447  20.998922   0.391277   0.010412    0.00000   +7.29985227E-10   +8.22315463E-05
10544.7881  21.801949  -0.094386   0.016268    0.00000   +1.77000541E-10   +1.47916627E-05
11198.1621  21.981682  -0.429149   0.015335    0.00000   -2.63357629E-10   +6.90358089E-05
11885.9863  22.011026  -0.775670   0.004383    0.00000   -1.21264097E-10   +2.14390341E-05
12607.2500  21.419657  -0.526787   0.002487    0.00000   -1.66966105E-11   -6.21749060E-05
13350.6201  19.516981   0.029932   0.003125    0.00000   +8.45587428E-12   -4.96397940E-05
14115.4932  17.293791   0.933875  -0.000219    0.00000   -8.90436166E-13   -1.00746969E-04
14908.4326  15.330341   1.686555  -0.002629    0.00000   -1.10935446E-12   -2.50960900E-06
15727.0840  13.103337   1.454716   0.001848    0.00000   +8.75866067E-13   +7.22735619E-06
16572.0078  10.383848   1.028521   0.004567    0.00000   -4.56026413E-13   -1.97282950E-05
17445.8984   7.280384   1.118616   0.000613    0.00000   -3.45761048E-12   -3.83741236E-05
18347.2090   3.963933   1.498858   0.001860    0.00000   +4.46282597E-13   -2.55270324E-05
19276.0547   0.362871   1.254425   0.007916    0.00000   -7.19042075E-13   -4.20318584E-05
20232.6523  -3.199773   0.306493   0.007983    0.00000   +3.16949503E-12   -4.34787897E-05
21217.3555  -6.055229  -0.693621   0.003261    0.00000   +1.60184231E-12   -1.51390522E-05

#   zf [m]   Ug [m/s]   Vg [m/s]   ws [m/s] dthdtls_rad [K/s] dqv/dt [1/s]      dth/dt [K/s]
# 129600.00  
    9.8201   0.081503   0.015273   0.003001    0.00000   -2.68709655E-09   +7.20634840E-06
   35.0475   0.081503   0.015273   0.003158    0.00000   -3.21605706E-09   +6.66593155E-06
   71.6600   0.284821   0.069229   0.003243    0.00000   -3.53016449E-09   +6.18928825E-06
  120.0082   0.524558   0.137049   0.003110    0.00000   -3.72223664E-09   +5.86022356E-06
  180.4361   0.866098   0.230979   0.002837    0.00000   -3.90746725E-09   +5.60631783E-06
  253.2802   1.292711   0.360690   0.002430    0.00000   -4.27163468E-09   +5.48890159E-06
  338.8915   1.755081   0.515937   0.001913    0.00000   -5.24059073E-09   +5.50339592E-06
  437.6151   2.274017   0.697623   0.001154    0.00000   -6.95715509E-09   +4.68290827E-06
  549.7966   2.807703   0.899783   0.000312    0.00000   -9.83092715E-09   +3.39022681E-06
  675.7758   3.329847   1.070572   0.000218    0.00000   -1.43412420E-08   +3.41952424E-06
  815.9236   3.780401   1.197000   0.000170    0.00000   -1.72963009E-08   +5.00079810E-07
  970.5656   4.110970   1.308388   0.000382    0.00000   -1.52014336E-08   -5.16631785E-07
 1140.0630   4.288569   1.466167   0.000552    0.00000   -9.64661489E-09   -4.59056129E-06
 1324.7517   4.292017   1.645669   0.000361    0.00000   -7.97372121E-09   -5.15089652E-06
 1525.0499   4.187684   1.794313  -0.000130    0.00000   -9.15065789E-09   -3.24132206E-06
 1741.2190   4.120507   1.949861  -0.000122    0.00000   -2.03549931E-08   +8.72329642E-06
 1973.6412   4.216638   2.183032  -0.000276    0.00000   -2.71868795E-08   +2.32982393E-05
 2222.6875   4.476171   2.446463  -0.001198    0.00000   -3.57488062E-08   +3.54915769E-05
 2488.6262   4.921214   2.634937  -0.002268    0.00000   -4.49573791E-08   +3.56024905E-05
 2771.8201   5.482881   2.765788  -0.002446    0.00000   -5.61071575E-08   +4.55444384E-05
 3072.7725   6.179699   2.820186  -0.001566    0.00000   -9.06117487E-08   +9.82900839E-05
 3392.0735   7.303175   2.707695  -0.000949    0.00000   -9.63710591E-08   +1.30002129E-04
 3729.8728   8.933008   2.626381  -0.001215    0.00000   -7.80733049E-08   +6.65963897E-05
 4085.8306  10.543934   2.618269  -0.000896    0.00000   -8.41035562E-08   +6.87501994E-05
 4460.5117  11.810494   2.442192  -0.002200    0.00000   -4.82462718E-08   +7.98912792E-05
 4853.9321  12.967391   2.345505  -0.003185    0.00000   -1.83866123E-09   +2.11577944E-05
 5266.9297  14.166848   2.488997  -0.003173    0.00000   -1.06236071E-08   -3.78328234E-06
 5699.6948  15.590298   2.641378  -0.001821    0.00000   +1.12161213E-08   +1.92867414E-05
 6152.6172  16.964508   2.577308  -0.003667    0.00000   +4.12859233E-09   +4.76155705E-05
 6626.1431  17.477242   2.296847  -0.006962    0.00000   -8.70067738E-09   +2.81325817E-05
 7120.5098  17.560234   2.318088  -0.011070    0.00000   -6.26500867E-09   -4.74425434E-05
 7637.6631  17.928905   2.963769  -0.017308    0.00000   -1.08009112E-09   -9.07704787E-05
 8175.8901  18.264067   3.884439  -0.016068    0.00000   +3.25725778E-09   -5.81953129E-05
 8734.1387  18.576052   4.380497  -0.014662    0.00000   -4.90345803E-10   +3.27692648E-05
 9314.6621  19.240294   4.056585  -0.017372    0.00000   -3.14595118E-09   +1.36062881E-04
 9918.0557  20.511820   3.093838  -0.019132    0.00000   -2.19782482E-09   +1.79036895E-04
10544.2637  22.060619   2.129014  -0.021963    0.00000   -1.63059940E-09   +1.12073475E-04
11198.2969  23.387474   1.679939  -0.019783    0.00000   -4.36612856E-10   +1.96281051E-05
11887.0107  24.006859   1.150467  -0.013085    0.00000   -3.68937750E-11   +1.00983600E-04
12606.6846  22.700771   0.404820  -0.004937    0.00000   +5.20668428E-12   +1.86735227E-05
13349.2656  20.098396   0.273464  -0.004403    0.00000   +9.69833434E-12   -7.31973658E-05
14115.5625  17.916788   0.897058  -0.009035    0.00000   -2.14922889E-13   -9.41277106E-05
14908.0039  15.560535   1.383451  -0.008950    0.00000   -5.65917805E-13   -1.24679612E-05
15726.4326  12.323488   1.129577  -0.007289    0.00000   +1.24394422E-12   -1.15461076E-05
16571.7227   9.047189   0.936468  -0.004794    0.00000   -1.76457399E-13   -5.81821855E-05
17445.5000   6.562966   1.224962  -0.000196    0.00000   -1.85596292E-12   -3.24026199E-05
18346.8242   4.561830   1.582507  -0.003577    0.00000   -3.96405181E-14   -5.69980059E-06
19275.8145   2.494365   1.543452  -0.012870    0.00000   -4.30290211E-13   -2.47909723E-05
20232.8809   0.405399   1.037708  -0.016071    0.00000   +1.23800115E-12   -2.41999619E-05
21218.2559  -1.317680   0.205876  -0.011728    0.00000   +1.65766937E-12   -2.47528512E-05

#   zf [m]   Ug [m/s]   Vg [m/s]   ws [m/s] dthdtls_rad [K/s] dqv/dt [1/s]      dth/dt [K/s]
# 140400.00  
    9.8203   0.590123   0.660226   0.001967    0.00000   -7.65597127E-09   +9.76965516E-06
   35.0499   0.590123   0.660226   0.002325    0.00000   -9.50318900E-09   +1.03128104E-05
   71.6645   0.673057   0.692395   0.002753    0.00000   -1.00313859E-08   +1.00405518E-05
  120.0135   0.815187   0.736773   0.003094    0.00000   -1.02006831E-08   +9.85376770E-06
  180.4392   1.024037   0.808510   0.003494    0.00000   -1.04725686E-08   +9.87660833E-06
  253.2815   1.298377   0.912629   0.003966    0.00000   -1.07774741E-08   +1.00414768E-05
  338.8882   1.612366   1.033575   0.004478    0.00000   -1.10061978E-08   +1.03066987E-05
  437.6023   1.983073   1.197183   0.004894    0.00000   -1.09699098E-08   +1.04841946E-05
  549.7675   2.395116   1.376625   0.005216    0.00000   -1.07433952E-08   +1.06286434E-05
  675.7256   2.869524   1.590173   0.005476    0.00000   -9.88719405E-09   +1.05203539E-05
  815.8199   3.365434   1.833923   0.005715    0.00000   -6.64934823E-09   +9.44968307E-06
  970.4084   3.859118   2.124065   0.006070    0.00000   -5.71196516E-10   +5.00528984E-06
 1139.8313   4.294169   2.452072   0.005238    0.00000   -4.86369431E-09   +2.85844370E-06
 1324.4259   4.635615   2.792883   0.003545    0.00000   -2.07456533E-08   +3.90484496E-06
 1524.5396   4.894355   3.103965   0.002309    0.00000   -4.42430372E-08   +8.00236620E-06
 1740.5112   5.169230   3.284695   0.003040    0.00000   -7.54267886E-08   +2.61505730E-05
 1972.7906   5.539749   3.332063   0.004362    0.00000   -1.06128529E-07   +4.30236214E-05
 2221.6433   5.969254   3.365103   0.004414    0.00000   -1.23609923E-07   +5.19876551E-05
 2487.4104   6.406007   3.516355   0.004163    0.00000   -1.25083416E-07   +5.33037385E-05
 2770.4624   6.802417   3.667856   0.002120    0.00000   -1.23550575E-07   +7.91408680E-05
 3071.5251   7.327076   3.487271   0.001774    0.00000   -1.27524512E-07   +1.27789437E-04
 3391.0334   8.331952   3.178664   0.006981    0.00000   -9.36699182E-08   +1.31596474E-04
 3728.5376  10.004768   3.201882   0.011129    0.00000   -6.46360514E-08   +9.39461866E-05
 4084.2610  11.870066   3.331043   0.015678    0.00000   -4.07460240E-08   +8.17731979E-05
 4458.9062  13.480318   3.247396   0.017409    0.00000   -1.65298975E-08   +7.08983037E-05
 4851.9673  14.936893   3.155872   0.016754    0.00000   -5.68403042E-09   +5.39877376E-05
 5264.9565  16.529057   3.062100   0.019351    0.00000   +5.49019537E-09   +5.64158803E-05
 5697.7402  17.903347   2.856300   0.029105    0.00000   -4.65820712E-09   +4.53688680E-05
 6150.6958  18.727102   2.698970   0.029394    0.00000   -2.37009558E-08   +1.05186892E-05
 6623.7422  19.037260   2.721289   0.021406    0.00000   -2.71673538E-08   -2.64259109E-05
 7117.3765  18.891228   2.834677   0.014050    0.00000   -1.67046560E-08   -2.38157736E-05
 7633.6582  19.050802   3.230299   0.014386    0.00000   +5.46905801E-10   -7.89964454E-05
 8172.4106  20.003628   3.882286   0.021461    0.00000   +3.18809020E-09   -6.17726229E-05
 8732.5996  21.205189   3.949387   0.018182    0.00000   -2.65259579E-09   +9.33107829E-05
 9313.6572  21.932201   3.215865   0.012885    0.00000   -5.60759936E-09   +1.43137192E-04
 9916.9189  22.174421   2.573596   0.007071    0.00000   -3.80544435E-09   +2.53711608E-05
10542.8418  22.088928   2.646394   0.006864    0.00000   -9.35466690E-10   -3.73339914E-05
11195.7822  21.573267   2.593111   0.009602    0.00000   +1.42673116E-10   +6.86021098E-05
11883.9688  20.672476   2.155773   0.004652    0.00000   +4.43504938E-11   +4.46053161E-05
12603.7129  19.798344   2.420606   0.001593    0.00000   +5.75451814E-12   -9.95779421E-05
13347.0557  18.837660   3.229768  -0.001192    0.00000   -1.84331572E-12   -9.56437007E-05
14113.8086  16.538641   3.447305  -0.003064    0.00000   +9.67105706E-14   -7.00550048E-05
14905.9844  13.004324   3.048340  -0.000323    0.00000   +1.22748187E-13   -4.24608300E-05
15724.0771   9.075816   2.595369  -0.000499    0.00000   -4.41560382E-13   -1.65629877E-05
16568.7070   5.811257   2.151103  -0.001923    0.00000   +4.60878777E-13   +1.92879496E-05
17443.0840   4.050347   1.506864  -0.003878    0.00000   +1.52901877E-12   +2.90646630E-05
18345.8535   2.812829   0.699725  -0.008170    0.00000   -3.14624913E-13   +2.89061296E-06
19276.1543   0.245268  -0.022939  -0.010082    0.00000   -1.52774354E-12   -4.19980727E-05
20232.8984  -3.270714  -0.634911  -0.006147    0.00000   +1.56282195E-12   -4.68019667E-05
21217.3438  -6.058793  -1.288944  -0.001566    0.00000   -7.14555952E-14   -3.21388314E-05

#   zf [m]   Ug [m/s]   Vg [m/s]   ws [m/s] dthdtls_rad [K/s] dqv/dt [1/s]      dth/dt [K/s]
# 151200.00  
    9.8198   2.846344  -1.944440  -0.003177    0.00000   -7.26685963E-10   -1.56662114E-05
   35.0838   2.846344  -1.944440  -0.003514    0.00000   -1.40906846E-09   -2.20427251E-05
   71.7387   2.697459  -1.867444  -0.003341    0.00000   -1.80170291E-09   -2.94421370E-05
  120.1365   2.632634  -1.732820  -0.001801    0.00000   -2.39313916E-09   -3.95488877E-05
  180.6015   2.713310  -1.534817   0.000744    0.00000   -3.37274763E-09   -4.61263591E-05
  253.4774   2.924185  -1.284722   0.003603    0.00000   -4.84141517E-09   -4.77601184E-05
  339.1144   3.194134  -0.990124   0.006628    0.00000   -6.95691393E-09   -4.48113612E-05
  437.8633   3.539274  -0.639285   0.009747    0.00000   -1.02160015E-08   -3.93600622E-05
  550.0660   3.917906  -0.258697   0.013048    0.00000   -1.48310009E-08   -3.24547906E-05
  676.0594   4.336603   0.165711   0.016549    0.00000   -2.02287375E-08   -2.49534420E-05
  816.1924   4.781218   0.626123   0.019910    0.00000   -2.61101656E-08   -1.65757720E-05
  970.8095   5.260338   1.138842   0.022649    0.00000   -3.16542817E-08   -9.74440400E-06
 1140.2529   5.732568   1.723077   0.024431    0.00000   -3.60195421E-08   -7.89291564E-06
 1324.8501   6.150444   2.340865   0.024797    0.00000   -4.40763426E-08   -6.47175949E-06
 1524.9747   6.565378   2.899242   0.023890    0.00000   -5.10913738E-08   +1.59261964E-06
 1741.0344   7.094384   3.396388   0.021489    0.00000   -5.64258979E-08   +1.68358561E-05
 1973.3936   7.742862   3.868992   0.017106    0.00000   -7.58461098E-08   +3.72147267E-05
 2222.2893   8.342519   4.301597   0.011860    0.00000   -9.65597388E-08   +3.77342240E-05
 2488.0830   8.881557   4.620958   0.006732    0.00000   -9.77719455E-08   +3.59472893E-05
 2771.2690   9.474387   4.651215   0.003351    0.00000   -7.63746577E-08   +6.28572223E-05
 3072.2983  10.343546   4.305543   0.000995    0.00000   -3.83837452E-08   +7.97688757E-05
 3391.6511  11.546438   3.954545   0.001846    0.00000   +2.25518034E-08   +1.74024047E-05
 3729.1963  12.751869   4.010604   0.002628    0.00000   +4.25720460E-08   -1.40659562E-05
 4085.0964  13.817008   4.336046   0.006388    0.00000   +3.64834067E-08   -3.22373771E-06
 4459.6040  14.685473   4.704168   0.010205    0.00000   +1.06372468E-08   +4.52878836E-06
 4852.9048  15.547738   4.947733   0.011309    0.00000   -1.66073795E-08   +6.22716012E-05
 5265.7388  16.654959   5.006898   0.010941    0.00000   -3.11618129E-08   +5.59403263E-05
 5698.5688  17.786180   4.935728   0.011256    0.00000   -3.00002374E-08   +7.61549227E-05
 6151.3291  18.700773   4.869984   0.014276    0.00000   -2.11994148E-08   +2.04194135E-05
 6624.1675  19.312431   4.927805   0.016746    0.00000   -1.11520556E-08   +3.30126101E-05
 7118.2915  19.746155   4.617546   0.015063    0.00000   -7.43547169E-09   +1.00443173E-04
 7634.8120  20.597658   4.186796   0.008511    0.00000   -6.10060547E-09   +4.36394140E-05
 8173.0513  22.018644   4.166405   0.001899    0.00000   -1.51783925E-09   -6.16059631E-05
 8733.6045  23.399837   4.173874   0.001505    0.00000   +1.42736816E-09   +8.47251643E-07
 9314.3789  23.858740   4.202002   0.008177    0.00000   +1.18991026E-09   -5.31886832E-05
 9917.1299  23.642567   4.466558   0.007373    0.00000   +1.46912630E-09   -4.17267322E-05
10542.9277  23.557875   4.622371   0.004089    0.00000   +1.36911288E-09   -2.72134708E-05
11196.5127  23.218540   4.603085   0.003424    0.00000   +5.96502578E-10   -9.52854939E-06
11885.1914  22.185190   4.434746  -0.003207    0.00000   +6.17570359E-11   -1.34100818E-05
12603.5488  20.822683   4.697762  -0.003752    0.00000   -3.06152815E-12   -1.06160983E-04
13346.4512  19.190014   5.429621  -0.006315    0.00000   -4.14815972E-12   -1.06209979E-04
14113.4414  16.902334   5.672858  -0.008006    0.00000   +3.41157411E-13   -4.77523204E-05
14906.3164  14.669707   5.379296  -0.005466    0.00000   +3.26180751E-13   -7.43697302E-06
15725.5547  13.258309   4.946041  -0.004885    0.00000   -4.71438894E-13   +3.44529630E-05
16571.8613  12.185605   4.307951  -0.003868    0.00000   +2.15511971E-13   +5.44862529E-05
17445.8438  10.265820   3.679237  -0.001416    0.00000   -1.31028784E-12   -1.52804511E-05
18347.3086   6.805005   3.274563  -0.000336    0.00000   +1.69361526E-12   -8.52896857E-05
19276.4668   2.588933   3.065675  -0.000185    0.00000   +4.91884593E-13   -1.27881727E-05
20232.8398  -0.790628   2.719168   0.002277    0.00000   +2.57882548E-13   +1.31444053E-05
21216.8730  -2.312682   1.671147   0.002682    0.00000   -1.52783973E-13   -3.31044143E-05

#   zf [m]   Ug [m/s]   Vg [m/s]   ws [m/s] dthdtls_rad [K/s] dqv/dt [1/s]      dth/dt [K/s]
# 162000.00  
    9.8193   5.184360  -1.901342  -0.005139    0.00000   -6.14507169E-10   -2.73975427E-05
   35.0926   5.184360  -1.901342  -0.006270    0.00000   +2.29385109E-10   -3.74112787E-05
   71.7679   4.861544  -1.741787  -0.007020    0.00000   +1.99058206E-09   -4.81543140E-05
  120.2043   4.598693  -1.519127  -0.005819    0.00000   +4.71702734E-09   -6.27217283E-05
  180.7244   4.457132  -1.253933  -0.002746    0.00000   +6.72551257E-09   -7.75386596E-05
  253.6687   4.476818  -0.949553   0.001617    0.00000   +6.13586743E-09   -9.29938012E-05
  339.3645   4.627167  -0.634876   0.006524    0.00000   -9.52209907E-10   -1.02916770E-04
  438.1559   4.877385  -0.276796   0.010787    0.00000   -1.34946749E-08   -1.02430259E-04
  550.3832   5.151209   0.135280   0.013864    0.00000   -2.38733642E-08   -9.59538198E-05
  676.4086   5.454776   0.583803   0.016204    0.00000   -3.11594402E-08   -8.41970890E-05
  816.5665   5.772716   1.038295   0.018523    0.00000   -3.60052955E-08   -7.45006696E-05
  971.1977   6.120893   1.519888   0.020705    0.00000   -4.05738603E-08   -6.00578363E-05
 1140.6272   6.490721   2.029545   0.021922    0.00000   -4.77433728E-08   -4.81119990E-05
 1325.2072   6.904533   2.547697   0.022960    0.00000   -5.74163022E-08   -2.97768584E-05
 1525.3036   7.417799   3.057982   0.022548    0.00000   -6.38013163E-08   -1.18809414E-05
 1741.2885   7.996692   3.540085   0.020274    0.00000   -7.55967645E-08   +9.04442028E-06
 1973.5336   8.627174   3.965711   0.017216    0.00000   -8.07015520E-08   +2.47610511E-05
 2222.3777   9.328341   4.219723   0.015064    0.00000   -6.69565540E-08   +2.57519043E-05
 2488.2317   9.986546   4.176974   0.015658    0.00000   -4.91901732E-08   +2.43964495E-05
 2771.3772  10.454325   3.962708   0.017245    0.00000   -2.70826133E-08   +2.55971363E-05
 3072.5027  11.010089   4.078970   0.016870    0.00000   +2.05611463E-08   -1.67453188E-05
 3391.4470  11.891271   4.679484   0.013651    0.00000   +5.12282727E-08   -3.81994119E-05
 3729.0396  13.081831   5.314718   0.007691    0.00000   +3.73827088E-08   +1.54203553E-05
 4085.0884  14.376153   5.535374   0.004025    0.00000   +1.74483698E-09   +6.95219443E-05
 4459.5659  15.482359   5.486604   0.003387    0.00000   -1.80654751E-08   +4.85616387E-05
 4853.3418  16.534960   5.469595   0.006895    0.00000   -2.13673852E-08   +8.25985453E-05
 5266.4897  17.875006   5.420666   0.010902    0.00000   -1.70739512E-08   +9.37726078E-05
 5699.2549  19.349749   5.515401   0.014907    0.00000   -1.25807478E-08   +2.46632223E-05
 6151.6221  20.461723   5.734837   0.014555    0.00000   -7.79707214E-09   +2.29796172E-05
 6624.6191  21.199228   5.672992   0.015485    0.00000   -6.57890191E-09   +7.83690971E-05
 7118.8652  21.539747   5.061825   0.013153    0.00000   -6.73424190E-09   +1.56986353E-04
 7635.0610  22.227955   4.486893   0.004402    0.00000   -9.10343388E-10   +8.54265592E-05
 8173.1309  23.990679   4.628172   0.002908    0.00000   +5.41107728E-09   -9.33233802E-06
 8733.3604  25.816740   5.162972   0.013709    0.00000   +4.92109121E-09   -8.22342666E-05
 9314.2998  26.246363   5.638474   0.022986    0.00000   +1.83854180E-09   -6.88062993E-05
 9916.5869  25.610544   5.877623   0.019181    0.00000   +3.63941624E-10   -3.85250709E-05
10541.9062  25.264566   6.133725   0.018226    0.00000   +2.34275119E-10   -7.40910014E-05
11195.3154  25.008400   6.548567   0.016648    0.00000   +7.47158589E-10   -1.10975881E-04
11885.4434  24.146059   6.457463   0.002680    0.00000   +2.04477453E-10   +3.84932447E-05
12604.7021  22.661119   5.738660  -0.005849    0.00000   +2.33086365E-11   +5.38165662E-05
13347.7393  20.850283   4.934202  -0.006432    0.00000   +3.99679019E-12   +3.27287543E-05
14114.8604  18.655176   4.161809  -0.003254    0.00000   -3.01282896E-13   -1.51121791E-05
14908.3926  16.008356   3.482031   0.000309    0.00000   -2.23462076E-13   -5.31382637E-05
15727.6152  12.994146   2.913768   0.004807    0.00000   -7.03483768E-14   -5.29589780E-05
16572.7773  10.184027   2.568959   0.011171    0.00000   +7.63474255E-14   -2.62954171E-05
17445.6797   7.657043   2.461511   0.016710    0.00000   -4.10581351E-13   -3.71789387E-05
18347.3926   5.221439   2.261608   0.014423    0.00000   +6.07538896E-13   -2.27730268E-05
19277.9980   2.969374   1.664554   0.007437    0.00000   -7.81648406E-14   +1.23600268E-06
20234.3477   0.717347   0.828134   0.004565    0.00000   +3.96554602E-13   -1.55438337E-05
21217.4375  -1.967492  -0.037469   0.003181    0.00000   +2.08336542E-13   -3.27987260E-05

#   zf [m]   Ug [m/s]   Vg [m/s]   ws [m/s] dthdtls_rad [K/s] dqv/dt [1/s]      dth/dt [K/s]
# 172800.00  
    9.8195   6.691978   1.185496  -0.005980    0.00000   -4.56693977E-09   +2.20219126E-06
   35.0981   6.691978   1.185496  -0.007447    0.00000   -6.61089962E-09   +2.89928220E-06
   71.7868   6.356717   1.181903  -0.008842    0.00000   -9.16854463E-09   +2.83800176E-06
  120.2414   6.041700   1.130287  -0.008658    0.00000   -1.39005007E-08   +1.52304405E-06
  180.7831   5.806409   1.050666  -0.007128    0.00000   -2.23211922E-08   -1.36956438E-06
  253.7352   5.681964   0.932220  -0.004737    0.00000   -3.83603971E-08   -7.70840849E-06
  339.4102   5.632831   0.787801  -0.002425    0.00000   -5.71288783E-08   -1.84461991E-05
  438.1670   5.678535   0.696836  -0.000763    0.00000   -7.52813090E-08   -3.11586843E-05
  550.3524   5.768912   0.678150   0.000090    0.00000   -8.08162283E-08   -4.07012059E-05
  676.3140   5.921669   0.735363  -0.000695    0.00000   -7.58701341E-08   -4.72915400E-05
  816.4214   6.123538   0.874620  -0.003095    0.00000   -7.31484047E-08   -4.94179955E-05
  971.0228   6.402018   1.069286  -0.006242    0.00000   -7.65134477E-08   -4.80019566E-05
 1140.4664   6.777763   1.325556  -0.010452    0.00000   -6.71470923E-08   -4.45615514E-05
 1325.1362   7.242033   1.632187  -0.014274    0.00000   -4.75604717E-08   -4.10442698E-05
 1525.3878   7.753993   1.998780  -0.016264    0.00000   -1.84345728E-08   -3.59583091E-05
 1741.5007   8.273995   2.455907  -0.016319    0.00000   +4.58931538E-09   -2.59272365E-05
 1973.7937   8.861936   2.937127  -0.014168    0.00000   +7.22615743E-09   -1.89792549E-05
 2222.6372   9.594574   3.392157  -0.009625    0.00000   +1.65047054E-08   -2.26021148E-05
 2488.3840  10.520413   3.932881  -0.005827    0.00000   +4.33209142E-08   -2.79413373E-05
 2771.3755  11.493176   4.431092  -0.003199    0.00000   +4.01835049E-08   +9.04657980E-06
 3072.1741  12.279457   4.810393  -0.001181    0.00000   +9.40442710E-09   +1.50620897E-05
 3391.3306  12.948676   5.204402  -0.001132    0.00000   +1.11833040E-08   +2.42449573E-05
 3729.5083  13.654090   5.627764  -0.001597    0.00000   +4.24948207E-09   +1.69247889E-05
 4085.5359  14.433846   5.978947   0.002218    0.00000   +2.49170952E-08   +4.20971025E-05
 4459.3584  15.427771   6.167099   0.010748    0.00000   +1.40291730E-08   +6.91897565E-05
 4852.9443  16.782267   6.378169   0.017205    0.00000   +4.81235059E-09   +7.92650780E-05
 5266.4697  18.356422   6.680929   0.021088    0.00000   -1.08960562E-08   +7.61377209E-05
 5699.7446  19.791273   6.941282   0.017871    0.00000   -1.10653805E-08   +8.68803642E-05
 6152.6138  20.918745   6.923495   0.012185    0.00000   -1.00445662E-08   +1.11408538E-04
 6625.8462  21.868977   6.531366   0.012074    0.00000   -9.29544307E-09   +1.54794438E-04
 7120.3618  22.515652   5.797463   0.018195    0.00000   -1.86800656E-09   +1.76209120E-04
 7636.4204  23.182901   4.992305   0.023137    0.00000   +4.09598898E-09   +1.43922576E-04
 8174.0796  24.710831   4.866613   0.017747    0.00000   +6.74111915E-09   -2.34895413E-05
 8732.9863  26.141888   5.351857   0.002250    0.00000   +5.50063884E-09   -6.11168686E-05
 9312.7158  26.402300   5.601434  -0.001600    0.00000   +2.77400820E-09   -1.37457253E-05
 9915.4424  26.017080   5.549257  -0.005524    0.00000   +7.45804163E-10   -3.10609423E-05
10541.1387  25.708454   5.657157  -0.004879    0.00000   +9.08471295E-12   -3.63108152E-05
11195.9131  25.983084   6.217103  -0.006424    0.00000   -2.17205161E-10   -7.97130643E-05
11888.3945  26.075439   6.927219  -0.004961    0.00000   +8.53247021E-11   -1.35389908E-04
12607.3418  24.680840   7.263337  -0.007084    0.00000   +1.13467607E-11   -1.20468925E-04
13350.2725  22.320963   7.187086  -0.005538    0.00000   -1.02221545E-11   -1.08197937E-04
14116.2080  19.086706   6.596469  -0.000856    0.00000   +3.14504917E-13   -3.20901532E-05
14909.5195  15.641116   5.785273  -0.004018    0.00000   +4.49518936E-13   -4.75772788E-05
15728.7197  12.523637   4.984753  -0.004106    0.00000   -7.80269840E-14   -7.28742549E-05
16573.9707  10.152405   4.213692  -0.005933    0.00000   -1.27948453E-13   -7.40784481E-05
17447.5273   7.884521   3.508110  -0.011268    0.00000   -7.15510765E-13   -3.14828769E-05
18349.4043   4.916562   2.816450  -0.007592    0.00000   -1.00370992E-13   -2.03331976E-06
19279.4707   1.495291   2.074672   0.002380    0.00000   -3.33022649E-13   -3.63367679E-05
20236.4785  -1.764002   1.261559   0.004313    0.00000   +3.14903328E-13   -4.14181994E-05
21221.0371  -4.467619   0.343723   0.001715    0.00000   +1.65106291E-13   -2.66520510E-05
