100137.171875 50
    0.0000 2.8338E+02 6.4264E-03 +4.8801E-01 +4.2285E-01
   35.0762 2.8381E+02 6.3528E-03 +7.4451E-01 +5.0196E-01
   71.7264 2.8441E+02 6.2576E-03 +1.0219E+00 +4.7035E-01
  120.1254 2.8508E+02 6.1438E-03 +1.3088E+00 +2.7318E-01
  180.6069 2.8561E+02 6.0317E-03 +1.5045E+00 -8.0294E-02
  253.4956 2.8598E+02 5.9415E-03 +1.5873E+00 -4.8124E-01
  339.1410 2.8625E+02 5.8783E-03 +1.7531E+00 -7.1789E-01
  437.8900 2.8649E+02 5.8095E-03 +2.1101E+00 -8.0160E-01
  550.0984 2.8676E+02 5.6956E-03 +2.6641E+00 -8.1653E-01
  676.1179 2.8708E+02 5.4966E-03 +3.1868E+00 -7.9754E-01
  816.2953 2.8754E+02 5.2247E-03 +3.4490E+00 -8.5687E-01
  970.9614 2.8810E+02 4.8473E-03 +3.4574E+00 -1.0341E+00
 1140.4341 2.8926E+02 4.1644E-03 +3.1010E+00 -1.8729E+00
 1325.0684 2.9085E+02 3.6286E-03 +2.7248E+00 -3.2049E+00
 1525.3577 2.9313E+02 2.9543E-03 +2.9727E+00 -4.0213E+00
 1742.2103 2.9668E+02 2.3034E-03 +4.2182E+00 -3.8448E+00
 1975.7112 2.9800E+02 2.2163E-03 +4.6180E+00 -3.8106E+00
 2225.4814 2.9875E+02 2.0189E-03 +4.7074E+00 -2.8975E+00
 2491.5664 3.0008E+02 1.7657E-03 +5.3234E+00 -2.0381E+00
 2774.7075 3.0174E+02 1.0957E-03 +6.2413E+00 -1.6639E+00
 3075.5645 3.0376E+02 5.3979E-04 +6.7782E+00 -2.0194E+00
 3393.9612 3.0607E+02 3.4715E-04 +6.7780E+00 -1.8599E+00
 3730.8694 3.0824E+02 4.7286E-04 +6.0114E+00 -1.6119E+00
 4086.6953 3.0925E+02 1.1153E-03 +5.3703E+00 -1.9692E+00
 4461.5820 3.1025E+02 1.3265E-03 +5.7298E+00 -2.7790E+00
 4856.0312 3.1132E+02 1.1581E-03 +6.1357E+00 -3.2290E+00
 5269.6548 3.1281E+02 8.5469E-04 +7.1525E+00 -3.6791E+00
 5703.3384 3.1567E+02 3.8931E-04 +8.7257E+00 -3.8469E+00
 6156.9419 3.1737E+02 2.9328E-04 +8.5214E+00 -2.5081E+00
 6630.3350 3.1884E+02 2.4024E-04 +1.0535E+01 -4.4753E+00
 7123.7490 3.2055E+02 2.0347E-04 +1.4105E+01 -7.4511E+00
 7638.6650 3.2132E+02 2.7740E-04 +1.5441E+01 -8.5643E+00
 8175.1016 3.2204E+02 3.0763E-04 +1.4729E+01 -9.3146E+00
 8733.1143 3.2398E+02 2.4859E-04 +1.5524E+01 -1.1849E+01
 9313.3936 3.2598E+02 1.7381E-04 +1.6042E+01 -1.4296E+01
 9916.4248 3.2751E+02 1.0690E-04 +1.6449E+01 -1.6103E+01
10551.6895 3.2948E+02 6.3915E-05 +1.8780E+01 -1.9228E+01
11221.0000 3.3316E+02 3.3674E-05 +2.1388E+01 -2.3539E+01
11914.6045 3.4133E+02 8.5689E-06 +1.7282E+01 -1.7844E+01
12632.1748 3.5656E+02 3.6674E-06 +1.5093E+01 -1.4898E+01
13374.5742 3.7011E+02 3.9360E-06 +1.4969E+01 -1.2802E+01
14142.2227 3.8065E+02 4.0327E-06 +1.4011E+01 -8.9827E+00
14936.1162 3.9081E+02 4.0439E-06 +8.4919E+00 -7.0609E+00
15756.6396 4.0340E+02 4.0238E-06 +6.2543E+00 -4.8310E+00
16603.8242 4.1816E+02 4.0292E-06 +7.5021E+00 -2.1192E+00
17477.3379 4.3436E+02 4.0184E-06 +4.3106E+00 -1.5934E+00
18377.0898 4.5221E+02 4.0334E-06 +5.2610E-01 -3.5702E+00
19303.5410 4.7217E+02 4.0549E-06 -1.8296E+00 -6.4857E+00
20258.8086 4.9314E+02 3.9093E-06 -3.6153E+00 -7.6959E+00
21242.8438 5.1531E+02 3.9071E-06 -4.7757E+00 -7.9834E+00
