  1000.000   290.450     9.318     0.000     0.000
    50.000   290.193     9.221     0.000     0.000
   100.000   289.863     9.086     0.000     0.000
   150.000   289.533     8.953     0.000     0.000
   200.000   289.203     8.823     0.000     0.000
   250.000   288.873     8.692     0.000     0.000
   300.000   288.543     8.559     0.000     0.000
   350.000   288.213     8.428     0.000     0.000
   400.000   287.883     8.296     0.000     0.000
   450.000   287.553     8.163     0.000     0.000
   500.000   287.223     8.032     0.000     0.000
   550.000   286.893     7.902     0.000     0.000
   600.000   286.563     7.774     0.000     0.000
   650.000   286.233     7.647     0.000     0.000
   700.000   285.903     7.522     0.000     0.000
   750.000   285.573     7.404     0.000     0.000
   800.000   285.243     7.288     0.000     0.000
   850.000   284.913     7.173     0.000     0.000
   900.000   284.583     7.061     0.000     0.000
   950.000   284.253     6.949     0.000     0.000
  1000.000   283.923     6.837     0.000     0.000
  1050.000   283.593     6.727     0.000     0.000
  1100.000   283.263     6.617     0.000     0.000
  1150.000   282.933     6.509     0.000     0.000
  1200.000   282.603     6.402     0.000     0.000
  1250.000   282.273     6.296     0.000     0.000
  1300.000   281.943     6.192     0.000     0.000
  1350.000   281.613     6.089     0.000     0.000
  1400.000   281.283     5.988     0.000     0.000
  1450.000   280.953     5.889     0.000     0.000
  1500.000   280.623     5.793     0.000     0.000
  1550.000   280.293     5.699     0.000     0.000
  1600.000   279.963     5.605     0.000     0.000
  1650.000   279.633     5.513     0.000     0.000
  1700.000   279.303     5.421     0.000     0.000
  1750.000   278.973     5.331     0.000     0.000
  1800.000   278.643     5.241     0.000     0.000
  1850.000   278.313     5.152     0.000     0.000
  1900.000   277.983     5.064     0.000     0.000
  1950.000   277.653     4.977     0.000     0.000
  2000.000   277.323     4.892     0.000     0.000
  2050.000   276.993     4.790     0.000     0.000
  2100.000   276.663     4.699     0.000     0.000
  2150.000   276.333     4.609     0.000     0.000
  2200.000   276.003     4.520     0.000     0.000
  2250.000   275.673     4.433     0.000     0.000
  2300.000   275.343     4.348     0.000     0.000
  2350.000   275.013     4.264     0.000     0.000
  2400.000   274.683     4.182     0.000     0.000
  2450.000   274.353     4.101     0.000     0.000
  2500.000   274.023     4.021     0.000     0.000
  2550.000   273.693     3.942     0.000     0.000
  2600.000   273.363     3.865     0.000     0.000
  2650.000   273.033     3.789     0.000     0.000
  2700.000   272.703     3.714     0.000     0.000
  2750.000   272.373     3.640     0.000     0.000
  2800.000   272.043     3.567     0.000     0.000
  2850.000   271.713     3.495     0.000     0.000
  2900.000   271.383     3.425     0.000     0.000
  2950.000   271.053     3.356     0.000     0.000
  3000.000   270.723     3.288     0.000     0.000
  3050.000   270.393     3.221     0.000     0.000
  3100.000   270.063     3.157     0.000     0.000
  3150.000   269.733     3.093     0.000     0.000
  3200.000   269.403     3.030     0.000     0.000
  3250.000   269.073     2.969     0.000     0.000
  3300.000   268.743     2.908     0.000     0.000
  3350.000   268.413     2.849     0.000     0.000
  3400.000   268.083     2.790     0.000     0.000
  3450.000   267.753     2.733     0.000     0.000
  3500.000   267.423     2.676     0.000     0.000
  3550.000   267.093     2.621     0.000     0.000
  3600.000   266.763     2.567     0.000     0.000
  3650.000   266.433     2.513     0.000     0.000
  3700.000   266.103     2.460     0.000     0.000
  3750.000   265.773     2.409     0.000     0.000
  3800.000   265.443     2.358     0.000     0.000
  3850.000   265.113     2.308     0.000     0.000
  3900.000   264.783     2.259     0.000     0.000
  3950.000   264.453     2.210     0.000     0.000
  4000.000   264.123     2.163     0.000     0.000
  4050.000   263.793     2.116     0.000     0.000
  4100.000   263.463     2.071     0.000     0.000
  4150.000   263.133     2.026     0.000     0.000
  4200.000   262.803     1.982     0.000     0.000
  4250.000   262.473     1.939     0.000     0.000
  4300.000   262.143     1.896     0.000     0.000
  4350.000   261.813     1.855     0.000     0.000
  4400.000   261.483     1.814     0.000     0.000
  4450.000   261.153     1.774     0.000     0.000
  4500.000   260.823     1.734     0.000     0.000
  4550.000   260.493     1.696     0.000     0.000
  4600.000   260.163     1.658     0.000     0.000
  4650.000   259.833     1.621     0.000     0.000
  4700.000   259.503     1.584     0.000     0.000
  4750.000   259.173     1.549     0.000     0.000
  4800.000   258.843     1.514     0.000     0.000
  4850.000   258.513     1.479     0.000     0.000
  4900.000   258.183     1.446     0.000     0.000
  4950.000   257.853     1.413     0.000     0.000
  5000.000   257.523     1.380     0.000     0.000
  5050.000   257.193     1.349     0.000     0.000
  5100.000   256.863     1.318     0.000     0.000
  5150.000   256.533     1.287     0.000     0.000
  5200.000   256.203     1.257     0.000     0.000
  5250.000   255.873     1.228     0.000     0.000
  5300.000   255.543     1.199     0.000     0.000
  5350.000   255.213     1.171     0.000     0.000
  5400.000   254.883     1.144     0.000     0.000
  5450.000   254.553     1.117     0.000     0.000
  5500.000   254.223     1.090     0.000     0.000
  5550.000   253.893     1.064     0.000     0.000
  5600.000   253.563     1.039     0.000     0.000
  5650.000   253.233     1.014     0.000     0.000
  5700.000   252.903     0.990     0.000     0.000
  5750.000   252.573     0.966     0.000     0.000
  5800.000   252.243     0.943     0.000     0.000
  5850.000   251.913     0.920     0.000     0.000
  5900.000   251.583     0.898     0.000     0.000
  5950.000   251.253     0.876     0.000     0.000
  6000.000   250.923     0.855     0.000     0.000
  6050.000   250.593     0.834     0.000     0.000
  6100.000   250.263     0.813     0.000     0.000
  6150.000   249.933     0.793     0.000     0.000
  6200.000   249.603     0.774     0.000     0.000
  6250.000   249.273     0.754     0.000     0.000
  6300.000   248.943     0.736     0.000     0.000
  6350.000   248.613     0.717     0.000     0.000
  6400.000   248.283     0.699     0.000     0.000
  6450.000   247.953     0.682     0.000     0.000
  6500.000   247.623     0.664     0.000     0.000
  6550.000   247.293     0.648     0.000     0.000
  6600.000   246.963     0.631     0.000     0.000
  6650.000   246.633     0.615     0.000     0.000
  6700.000   246.303     0.599     0.000     0.000
  6750.000   245.973     0.584     0.000     0.000
  6800.000   245.643     0.569     0.000     0.000
  6850.000   245.313     0.554     0.000     0.000
  6900.000   244.983     0.540     0.000     0.000
  6950.000   244.653     0.526     0.000     0.000
  7000.000   244.323     0.512     0.000     0.000
  7050.000   243.993     0.498     0.000     0.000
  7100.000   243.663     0.485     0.000     0.000
  7150.000   243.333     0.472     0.000     0.000
  7200.000   243.003     0.460     0.000     0.000
  7250.000   242.673     0.448     0.000     0.000
  7300.000   242.343     0.436     0.000     0.000
  7350.000   242.013     0.424     0.000     0.000
  7400.000   241.683     0.413     0.000     0.000
  7450.000   241.353     0.401     0.000     0.000
  7500.000   241.023     0.391     0.000     0.000
  7550.000   240.693     0.380     0.000     0.000
  7600.000   240.363     0.370     0.000     0.000
  7650.000   240.033     0.360     0.000     0.000
  7700.000   239.703     0.350     0.000     0.000
  7750.000   239.373     0.340     0.000     0.000
  7800.000   239.043     0.331     0.000     0.000
  7850.000   238.713     0.322     0.000     0.000
  7900.000   238.383     0.313     0.000     0.000
  7950.000   238.053     0.304     0.000     0.000
  8000.000   237.723     0.295     0.000     0.000
  8050.000   237.393     0.287     0.000     0.000
  8100.000   237.063     0.279     0.000     0.000
  8150.000   236.733     0.271     0.000     0.000
  8200.000   236.403     0.263     0.000     0.000
  8250.000   236.073     0.256     0.000     0.000
  8300.000   235.743     0.249     0.000     0.000
  8350.000   235.413     0.241     0.000     0.000
  8400.000   235.083     0.234     0.000     0.000
  8450.000   234.753     0.228     0.000     0.000
  8500.000   234.423     0.221     0.000     0.000
  8550.000   234.093     0.215     0.000     0.000
  8600.000   233.763     0.208     0.000     0.000
  8650.000   233.433     0.202     0.000     0.000
  8700.000   233.103     0.196     0.000     0.000
  8750.000   232.773     0.190     0.000     0.000
  8800.000   232.443     0.185     0.000     0.000
  8850.000   232.113     0.179     0.000     0.000
  8900.000   231.783     0.174     0.000     0.000
  8950.000   231.453     0.169     0.000     0.000
  9000.000   231.123     0.164     0.000     0.000
  9050.000   231.073     0.159     0.000     0.000
  9100.000   231.023     0.156     0.000     0.000
  9150.000   230.973     0.154     0.000     0.000
  9200.000   230.923     0.152     0.000     0.000
  9250.000   230.873     0.149     0.000     0.000
  9300.000   230.823     0.147     0.000     0.000
  9350.000   230.773     0.145     0.000     0.000
  9400.000   230.723     0.142     0.000     0.000
  9450.000   230.673     0.140     0.000     0.000
  9500.000   230.623     0.138     0.000     0.000
  9550.000   230.573     0.135     0.000     0.000
  9600.000   230.523     0.133     0.000     0.000
  9650.000   230.473     0.130     0.000     0.000
  9700.000   230.423     0.128     0.000     0.000
  9750.000   230.373     0.126     0.000     0.000
  9800.000   230.323     0.123     0.000     0.000
  9850.000   230.273     0.121     0.000     0.000
  9900.000   230.223     0.118     0.000     0.000
  9950.000   230.173     0.116     0.000     0.000
 10000.000   230.123     0.113     0.000     0.000
 10050.000   230.073     0.111     0.000     0.000
 10100.000   230.023     0.108     0.000     0.000
 10150.000   229.973     0.106     0.000     0.000
 10200.000   229.923     0.103     0.000     0.000
 10250.000   229.873     0.101     0.000     0.000
 10300.000   229.823     0.098     0.000     0.000
 10350.000   229.773     0.096     0.000     0.000
 10400.000   229.723     0.093     0.000     0.000
 10450.000   229.673     0.091     0.000     0.000
 10500.000   229.623     0.088     0.000     0.000
 10550.000   229.573     0.086     0.000     0.000
 10600.000   229.523     0.083     0.000     0.000
 10650.000   229.473     0.080     0.000     0.000
 10700.000   229.423     0.078     0.000     0.000
 10750.000   229.373     0.075     0.000     0.000
 10800.000   229.323     0.072     0.000     0.000
 10850.000   229.273     0.070     0.000     0.000
 10900.000   229.223     0.067     0.000     0.000
 10950.000   229.173     0.064     0.000     0.000
 11000.000   229.123     0.062     0.000     0.000
 11050.000   229.073     0.059     0.000     0.000
 11100.000   229.023     0.056     0.000     0.000
 11150.000   228.973     0.053     0.000     0.000
 11200.000   228.923     0.051     0.000     0.000
 11250.000   228.873     0.048     0.000     0.000
 11300.000   228.823     0.045     0.000     0.000
 11350.000   228.773     0.042     0.000     0.000
 11400.000   228.723     0.040     0.000     0.000
 11450.000   228.673     0.037     0.000     0.000
 11500.000   228.623     0.034     0.000     0.000
 11550.000   228.573     0.031     0.000     0.000
 11600.000   228.523     0.028     0.000     0.000
 11650.000   228.473     0.025     0.000     0.000
 11700.000   228.423     0.022     0.000     0.000
 11750.000   228.373     0.020     0.000     0.000
 11800.000   228.323     0.017     0.000     0.000
 11850.000   228.273     0.014     0.000     0.000
 11900.000   228.223     0.011     0.000     0.000
 11950.000   228.173     0.008     0.000     0.000
 12000.000   228.123     0.005     0.000     0.000
 12050.000   228.073     0.002     0.000     0.000
 12100.000   228.023     0.000     0.000     0.000
 12150.000   227.973     0.000     0.000     0.000
 12200.000   227.923     0.000     0.000     0.000
 12250.000   227.873     0.000     0.000     0.000
 12300.000   227.823     0.000     0.000     0.000
 12350.000   227.773     0.000     0.000     0.000
 12400.000   227.723     0.000     0.000     0.000
 12450.000   227.673     0.000     0.000     0.000
 12500.000   227.623     0.000     0.000     0.000
 12550.000   227.573     0.000     0.000     0.000
 12600.000   227.523     0.000     0.000     0.000
 12650.000   227.473     0.000     0.000     0.000
 12700.000   227.423     0.000     0.000     0.000
 12750.000   227.373     0.000     0.000     0.000
 12800.000   227.323     0.000     0.000     0.000
 12850.000   227.273     0.000     0.000     0.000
 12900.000   227.223     0.000     0.000     0.000
 12950.000   227.173     0.000     0.000     0.000
 13000.000   227.123     0.000     0.000     0.000
 13050.000   227.073     0.000     0.000     0.000
 13100.000   227.023     0.000     0.000     0.000
 13150.000   226.973     0.000     0.000     0.000
 13200.000   226.923     0.000     0.000     0.000
 13250.000   226.873     0.000     0.000     0.000
 13300.000   226.823     0.000     0.000     0.000
 13350.000   226.773     0.000     0.000     0.000
 13400.000   226.723     0.000     0.000     0.000
 13450.000   226.673     0.000     0.000     0.000
 13500.000   226.623     0.000     0.000     0.000
 13550.000   226.573     0.000     0.000     0.000
 13600.000   226.523     0.000     0.000     0.000
 13650.000   226.473     0.000     0.000     0.000
 13700.000   226.423     0.000     0.000     0.000
 13750.000   226.373     0.000     0.000     0.000
 13800.000   226.323     0.000     0.000     0.000
 13850.000   226.273     0.000     0.000     0.000
 13900.000   226.223     0.000     0.000     0.000
 13950.000   226.173     0.000     0.000     0.000
 14000.000   226.123     0.000     0.000     0.000
 14050.000   226.073     0.000     0.000     0.000
 14100.000   226.023     0.000     0.000     0.000
 14150.000   225.973     0.000     0.000     0.000
 14200.000   225.923     0.000     0.000     0.000
 14250.000   225.873     0.000     0.000     0.000
 14300.000   225.823     0.000     0.000     0.000
 14350.000   225.773     0.000     0.000     0.000
 14400.000   225.723     0.000     0.000     0.000
 14450.000   225.673     0.000     0.000     0.000
 14500.000   225.623     0.000     0.000     0.000
 14550.000   225.573     0.000     0.000     0.000
 14600.000   225.523     0.000     0.000     0.000
 14650.000   225.473     0.000     0.000     0.000
 14700.000   225.423     0.000     0.000     0.000
 14750.000   225.373     0.000     0.000     0.000
 14800.000   225.323     0.000     0.000     0.000
 14850.000   225.273     0.000     0.000     0.000
 14900.000   225.223     0.000     0.000     0.000
 14950.000   225.173     0.000     0.000     0.000
 15000.000   225.123     0.000     0.000     0.000
 15050.000   225.073     0.000     0.000     0.000
 15100.000   225.023     0.000     0.000     0.000
 15150.000   224.973     0.000     0.000     0.000
 15200.000   224.923     0.000     0.000     0.000
 15250.000   224.873     0.000     0.000     0.000
 15300.000   224.823     0.000     0.000     0.000
 15350.000   224.773     0.000     0.000     0.000
 15400.000   224.723     0.000     0.000     0.000
 15450.000   224.673     0.000     0.000     0.000
 15500.000   224.623     0.000     0.000     0.000
 15550.000   224.573     0.000     0.000     0.000
 15600.000   224.523     0.000     0.000     0.000
 15650.000   224.473     0.000     0.000     0.000
 15700.000   224.423     0.000     0.000     0.000
 15750.000   224.373     0.000     0.000     0.000
 15800.000   224.323     0.000     0.000     0.000
 15850.000   224.273     0.000     0.000     0.000
 15900.000   224.223     0.000     0.000     0.000
 15950.000   224.173     0.000     0.000     0.000
 16000.000   224.123     0.000     0.000     0.000
 16050.000   224.073     0.000     0.000     0.000
 16100.000   224.023     0.000     0.000     0.000
 16150.000   223.973     0.000     0.000     0.000
 16200.000   223.923     0.000     0.000     0.000
 16250.000   223.873     0.000     0.000     0.000
 16300.000   223.823     0.000     0.000     0.000
 16350.000   223.773     0.000     0.000     0.000
 16400.000   223.723     0.000     0.000     0.000
 16450.000   223.673     0.000     0.000     0.000
 16500.000   223.623     0.000     0.000     0.000
 16550.000   223.573     0.000     0.000     0.000
 16600.000   223.523     0.000     0.000     0.000
 16650.000   223.473     0.000     0.000     0.000
 16700.000   223.423     0.000     0.000     0.000
 16750.000   223.373     0.000     0.000     0.000
 16800.000   223.323     0.000     0.000     0.000
 16850.000   223.273     0.000     0.000     0.000
 16900.000   223.223     0.000     0.000     0.000
 16950.000   223.173     0.000     0.000     0.000
 17000.000   223.123     0.000     0.000     0.000
 17050.000   223.073     0.000     0.000     0.000
 17100.000   223.023     0.000     0.000     0.000
 17150.000   222.973     0.000     0.000     0.000
 17200.000   222.923     0.000     0.000     0.000
 17250.000   222.873     0.000     0.000     0.000
 17300.000   222.823     0.000     0.000     0.000
 17350.000   222.773     0.000     0.000     0.000
 17400.000   222.723     0.000     0.000     0.000
 17450.000   222.673     0.000     0.000     0.000
 17500.000   222.623     0.000     0.000     0.000
 17550.000   222.573     0.000     0.000     0.000
 17600.000   222.523     0.000     0.000     0.000
 17650.000   222.473     0.000     0.000     0.000
 17700.000   222.423     0.000     0.000     0.000
 17750.000   222.373     0.000     0.000     0.000
 17800.000   222.323     0.000     0.000     0.000
 17850.000   222.273     0.000     0.000     0.000
 17900.000   222.223     0.000     0.000     0.000
 17950.000   222.173     0.000     0.000     0.000
 18000.000   222.123     0.000     0.000     0.000
 18050.000   222.073     0.000     0.000     0.000
 18100.000   222.023     0.000     0.000     0.000
 18150.000   221.973     0.000     0.000     0.000
 18200.000   221.923     0.000     0.000     0.000
 18250.000   221.873     0.000     0.000     0.000
 18300.000   221.823     0.000     0.000     0.000
 18350.000   221.773     0.000     0.000     0.000
 18400.000   221.723     0.000     0.000     0.000
 18450.000   221.673     0.000     0.000     0.000
 18500.000   221.623     0.000     0.000     0.000
 18550.000   221.573     0.000     0.000     0.000
 18600.000   221.523     0.000     0.000     0.000
 18650.000   221.473     0.000     0.000     0.000
 18700.000   221.423     0.000     0.000     0.000
 18750.000   221.373     0.000     0.000     0.000
 18800.000   221.323     0.000     0.000     0.000
 18850.000   221.273     0.000     0.000     0.000
 18900.000   221.223     0.000     0.000     0.000
 18950.000   221.173     0.000     0.000     0.000
 19000.000   221.123     0.000     0.000     0.000
 19050.000   221.073     0.000     0.000     0.000
 19100.000   221.023     0.000     0.000     0.000
 19150.000   220.973     0.000     0.000     0.000
 19200.000   220.923     0.000     0.000     0.000
 19250.000   220.873     0.000     0.000     0.000
 19300.000   220.823     0.000     0.000     0.000
 19350.000   220.773     0.000     0.000     0.000
 19400.000   220.723     0.000     0.000     0.000
 19450.000   220.673     0.000     0.000     0.000
 19500.000   220.623     0.000     0.000     0.000
 19550.000   220.573     0.000     0.000     0.000
 19600.000   220.523     0.000     0.000     0.000
 19650.000   220.473     0.000     0.000     0.000
 19700.000   220.423     0.000     0.000     0.000
 19750.000   220.373     0.000     0.000     0.000
 19800.000   220.323     0.000     0.000     0.000
 19850.000   220.273     0.000     0.000     0.000
 19900.000   220.223     0.000     0.000     0.000
 19950.000   220.173     0.000     0.000     0.000
 20000.000   220.123     0.000     0.000     0.000
 20050.000   220.073     0.000     0.000     0.000
 20100.000   220.023     0.000     0.000     0.000
 20150.000   219.973     0.000     0.000     0.000
 20200.000   219.923     0.000     0.000     0.000
 20250.000   219.873     0.000     0.000     0.000
 20300.000   219.823     0.000     0.000     0.000
 20350.000   219.773     0.000     0.000     0.000
 20400.000   219.723     0.000     0.000     0.000
 20450.000   219.673     0.000     0.000     0.000
 20500.000   219.623     0.000     0.000     0.000
 20550.000   219.573     0.000     0.000     0.000
 20600.000   219.523     0.000     0.000     0.000
 20650.000   219.473     0.000     0.000     0.000
 20700.000   219.423     0.000     0.000     0.000
 20750.000   219.373     0.000     0.000     0.000
 20800.000   219.323     0.000     0.000     0.000
 20850.000   219.273     0.000     0.000     0.000
 20900.000   219.223     0.000     0.000     0.000
 20950.000   219.173     0.000     0.000     0.000
 21000.000   219.123     0.000     0.000     0.000
 21050.000   219.073     0.000     0.000     0.000
 21100.000   219.023     0.000     0.000     0.000
 21150.000   218.973     0.000     0.000     0.000
 21200.000   218.923     0.000     0.000     0.000
 21250.000   218.873     0.000     0.000     0.000
 21300.000   218.823     0.000     0.000     0.000
 21350.000   218.773     0.000     0.000     0.000
 21400.000   218.723     0.000     0.000     0.000
 21450.000   218.673     0.000     0.000     0.000
 21500.000   218.623     0.000     0.000     0.000
 21550.000   218.573     0.000     0.000     0.000
 21600.000   218.523     0.000     0.000     0.000
 21650.000   218.473     0.000     0.000     0.000
 21700.000   218.423     0.000     0.000     0.000
 21750.000   218.373     0.000     0.000     0.000
 21800.000   218.323     0.000     0.000     0.000
 21850.000   218.273     0.000     0.000     0.000
 21900.000   218.223     0.000     0.000     0.000
 21950.000   218.173     0.000     0.000     0.000
 22000.000   218.123     0.000     0.000     0.000
 22050.000   218.073     0.000     0.000     0.000
 22100.000   218.023     0.000     0.000     0.000
 22150.000   217.973     0.000     0.000     0.000
 22200.000   217.923     0.000     0.000     0.000
 22250.000   217.873     0.000     0.000     0.000
 22300.000   217.823     0.000     0.000     0.000
 22350.000   217.773     0.000     0.000     0.000
 22400.000   217.723     0.000     0.000     0.000
 22450.000   217.673     0.000     0.000     0.000
 22500.000   217.623     0.000     0.000     0.000
 22550.000   217.573     0.000     0.000     0.000
 22600.000   217.523     0.000     0.000     0.000
 22650.000   217.473     0.000     0.000     0.000
 22700.000   217.423     0.000     0.000     0.000
 22750.000   217.373     0.000     0.000     0.000
 22800.000   217.323     0.000     0.000     0.000
 22850.000   217.273     0.000     0.000     0.000
 22900.000   217.223     0.000     0.000     0.000
 22950.000   217.173     0.000     0.000     0.000
 23000.000   217.123     0.000     0.000     0.000
 23050.000   217.073     0.000     0.000     0.000
 23100.000   217.023     0.000     0.000     0.000
 23150.000   216.973     0.000     0.000     0.000
 23200.000   216.923     0.000     0.000     0.000
 23250.000   216.873     0.000     0.000     0.000
 23300.000   216.823     0.000     0.000     0.000
 23350.000   216.773     0.000     0.000     0.000
 23400.000   216.723     0.000     0.000     0.000
 23450.000   216.673     0.000     0.000     0.000
 23500.000   216.623     0.000     0.000     0.000
 23550.000   216.573     0.000     0.000     0.000
 23600.000   216.523     0.000     0.000     0.000
 23650.000   216.473     0.000     0.000     0.000
 23700.000   216.423     0.000     0.000     0.000
 23750.000   216.373     0.000     0.000     0.000
 23800.000   216.323     0.000     0.000     0.000
 23850.000   216.273     0.000     0.000     0.000
 23900.000   216.223     0.000     0.000     0.000
 23950.000   216.173     0.000     0.000     0.000
 24000.000   216.123     0.000     0.000     0.000
 24050.000   216.073     0.000     0.000     0.000
 24100.000   216.023     0.000     0.000     0.000
 24150.000   215.973     0.000     0.000     0.000
 24200.000   215.923     0.000     0.000     0.000
 24250.000   215.873     0.000     0.000     0.000
 24300.000   215.823     0.000     0.000     0.000
 24350.000   215.773     0.000     0.000     0.000
 24400.000   215.723     0.000     0.000     0.000
 24450.000   215.673     0.000     0.000     0.000
 24500.000   215.623     0.000     0.000     0.000
 24550.000   215.573     0.000     0.000     0.000
 24600.000   215.523     0.000     0.000     0.000
 24650.000   215.473     0.000     0.000     0.000
 24700.000   215.423     0.000     0.000     0.000
 24750.000   215.373     0.000     0.000     0.000
 24800.000   215.323     0.000     0.000     0.000
 24850.000   215.273     0.000     0.000     0.000
 24900.000   215.223     0.000     0.000     0.000
 24950.000   215.173     0.000     0.000     0.000
 25000.000   215.123     0.000     0.000     0.000
 25050.000   215.073     0.000     0.000     0.000
 25100.000   215.023     0.000     0.000     0.000
 25150.000   214.973     0.000     0.000     0.000
 25200.000   214.923     0.000     0.000     0.000
 25250.000   214.873     0.000     0.000     0.000
 25300.000   214.823     0.000     0.000     0.000
 25350.000   214.773     0.000     0.000     0.000
 25400.000   214.723     0.000     0.000     0.000
 25450.000   214.673     0.000     0.000     0.000
 25500.000   214.623     0.000     0.000     0.000
 25550.000   214.573     0.000     0.000     0.000
 25600.000   214.523     0.000     0.000     0.000
 25650.000   214.473     0.000     0.000     0.000
 25700.000   214.423     0.000     0.000     0.000
 25750.000   214.373     0.000     0.000     0.000
 25800.000   214.323     0.000     0.000     0.000
 25850.000   214.273     0.000     0.000     0.000
 25900.000   214.223     0.000     0.000     0.000
 25950.000   214.173     0.000     0.000     0.000
 26000.000   214.123     0.000     0.000     0.000
 26050.000   214.073     0.000     0.000     0.000
 26100.000   214.023     0.000     0.000     0.000
 26150.000   213.973     0.000     0.000     0.000
 26200.000   213.923     0.000     0.000     0.000
 26250.000   213.873     0.000     0.000     0.000
 26300.000   213.823     0.000     0.000     0.000
 26350.000   213.773     0.000     0.000     0.000
 26400.000   213.723     0.000     0.000     0.000
 26450.000   213.673     0.000     0.000     0.000
 26500.000   213.623     0.000     0.000     0.000
 26550.000   213.573     0.000     0.000     0.000
 26600.000   213.523     0.000     0.000     0.000
 26650.000   213.473     0.000     0.000     0.000
 26700.000   213.423     0.000     0.000     0.000
 26750.000   213.373     0.000     0.000     0.000
 26800.000   213.323     0.000     0.000     0.000
 26850.000   213.273     0.000     0.000     0.000
 26900.000   213.223     0.000     0.000     0.000
 26950.000   213.173     0.000     0.000     0.000
 27000.000   213.123     0.000     0.000     0.000
 27050.000   213.073     0.000     0.000     0.000
 27100.000   213.023     0.000     0.000     0.000
 27150.000   212.973     0.000     0.000     0.000
 27200.000   212.923     0.000     0.000     0.000
 27250.000   212.873     0.000     0.000     0.000
 27300.000   212.823     0.000     0.000     0.000
 27350.000   212.773     0.000     0.000     0.000
 27400.000   212.723     0.000     0.000     0.000
 27450.000   212.673     0.000     0.000     0.000
 27500.000   212.623     0.000     0.000     0.000
 27550.000   212.573     0.000     0.000     0.000
 27600.000   212.523     0.000     0.000     0.000
 27650.000   212.473     0.000     0.000     0.000
 27700.000   212.423     0.000     0.000     0.000
 27750.000   212.373     0.000     0.000     0.000
 27800.000   212.323     0.000     0.000     0.000
 27850.000   212.273     0.000     0.000     0.000
 27900.000   212.223     0.000     0.000     0.000
 27950.000   212.173     0.000     0.000     0.000
 28000.000   212.123     0.000     0.000     0.000
 28050.000   212.073     0.000     0.000     0.000
 28100.000   212.023     0.000     0.000     0.000
 28150.000   211.973     0.000     0.000     0.000
 28200.000   211.923     0.000     0.000     0.000
 28250.000   211.873     0.000     0.000     0.000
 28300.000   211.823     0.000     0.000     0.000
 28350.000   211.773     0.000     0.000     0.000
 28400.000   211.723     0.000     0.000     0.000
 28450.000   211.673     0.000     0.000     0.000
 28500.000   211.623     0.000     0.000     0.000
 28550.000   211.573     0.000     0.000     0.000
 28600.000   211.523     0.000     0.000     0.000
 28650.000   211.473     0.000     0.000     0.000
 28700.000   211.423     0.000     0.000     0.000
 28750.000   211.373     0.000     0.000     0.000
 28800.000   211.323     0.000     0.000     0.000
 28850.000   211.273     0.000     0.000     0.000
 28900.000   211.223     0.000     0.000     0.000
 28950.000   211.173     0.000     0.000     0.000
 29000.000   211.123     0.000     0.000     0.000
 29050.000   211.073     0.000     0.000     0.000
 29100.000   211.023     0.000     0.000     0.000
 29150.000   210.973     0.000     0.000     0.000
 29200.000   210.923     0.000     0.000     0.000
 29250.000   210.873     0.000     0.000     0.000
 29300.000   210.823     0.000     0.000     0.000
 29350.000   210.773     0.000     0.000     0.000
 29400.000   210.723     0.000     0.000     0.000
 29450.000   210.673     0.000     0.000     0.000
 29500.000   210.623     0.000     0.000     0.000
 29550.000   210.573     0.000     0.000     0.000
 29600.000   210.523     0.000     0.000     0.000
 29650.000   210.473     0.000     0.000     0.000
 29700.000   210.423     0.000     0.000     0.000
 29750.000   210.373     0.000     0.000     0.000
 29800.000   210.323     0.000     0.000     0.000
 29850.000   210.273     0.000     0.000     0.000
 29900.000   210.223     0.000     0.000     0.000
 29950.000   210.173     0.000     0.000     0.000
 30000.000   210.123     0.000     0.000     0.000
