     0.000   300.000    18.500     0.000     0.000
   100.000   300.480    17.851     0.000     0.000
   200.000   300.960    17.225     0.000     0.000
   300.000   301.440    16.620     0.000     0.000
   400.000   301.920    16.037     0.000     0.000
   500.000   302.400    15.475     0.000     0.000
   600.000   302.880    14.932     0.000     0.000
   700.000   303.360    14.408     0.000     0.000
   800.000   303.840    13.902     0.000     0.000
   900.000   304.320    13.415     0.000     0.000
  1000.000   304.800    12.944     0.000     0.000
  1100.000   305.280    12.490     0.000     0.000
  1200.000   305.760    12.052     0.000     0.000
  1300.000   306.240    11.629     0.000     0.000
  1400.000   306.720    11.221     0.000     0.000
  1500.000   307.200    10.827     0.000     0.000
  1600.000   307.680    10.447     0.000     0.000
  1700.000   308.160    10.081     0.000     0.000
  1800.000   308.640     9.727     0.000     0.000
  1900.000   309.120     9.386     0.000     0.000
  2000.000   309.600     9.057     0.000     0.000
  2100.000   310.080     8.739     0.000     0.000
  2200.000   310.560     8.432     0.000     0.000
  2300.000   311.040     8.136     0.000     0.000
  2400.000   311.520     7.851     0.000     0.000
  2500.000   312.000     7.575     0.000     0.000
  2600.000   312.480     7.310     0.000     0.000
  2700.000   312.960     7.053     0.000     0.000
  2800.000   313.440     6.806     0.000     0.000
  2900.000   313.920     6.567     0.000     0.000
  3000.000   314.400     6.337     0.000     0.000
  3100.000   314.880     6.114     0.000     0.000
  3200.000   315.360     5.900     0.000     0.000
  3300.000   315.840     5.693     0.000     0.000
  3400.000   316.320     5.493     0.000     0.000
  3500.000   316.800     5.300     0.000     0.000
  3600.000   317.280     5.114     0.000     0.000
  3700.000   317.760     4.935     0.000     0.000
  3800.000   318.240     4.762     0.000     0.000
  3900.000   318.720     4.595     0.000     0.000
  4000.000   319.200     4.434     0.000     0.000
  4100.000   319.680     4.278     0.000     0.000
  4200.000   320.160     4.128     0.000     0.000
  4300.000   320.640     3.983     0.000     0.000
  4400.000   321.120     3.843     0.000     0.000
  4500.000   321.600     3.709     0.000     0.000
  4600.000   322.080     3.578     0.000     0.000
  4700.000   322.560     3.453     0.000     0.000
  4800.000   323.040     3.332     0.000     0.000
  4900.000   323.520     3.215     0.000     0.000
  5000.000   324.000     3.102     0.000     0.000
  5100.000   324.480     2.993     0.000     0.000
  5200.000   324.960     2.888     0.000     0.000
  5300.000   325.440     2.787     0.000     0.000
  5400.000   325.920     2.689     0.000     0.000
  5500.000   326.400     2.595     0.000     0.000
  5600.000   326.880     2.504     0.000     0.000
  5700.000   327.360     2.416     0.000     0.000
  5800.000   327.840     2.331     0.000     0.000
  5900.000   328.320     2.249     0.000     0.000
  6000.000   328.800     2.170     0.000     0.000
  6100.000   329.280     2.094     0.000     0.000
  6200.000   329.760     2.021     0.000     0.000
  6300.000   330.240     1.950     0.000     0.000
  6400.000   330.720     1.881     0.000     0.000
  6500.000   331.200     1.815     0.000     0.000
  6600.000   331.680     1.752     0.000     0.000
  6700.000   332.160     1.690     0.000     0.000
  6800.000   332.640     1.631     0.000     0.000
  6900.000   333.120     1.574     0.000     0.000
  7000.000   333.600     1.519     0.000     0.000
  7100.000   334.080     1.465     0.000     0.000
  7200.000   334.560     1.414     0.000     0.000
  7300.000   335.040     1.364     0.000     0.000
  7400.000   335.520     1.316     0.000     0.000
  7500.000   336.000     1.270     0.000     0.000
  7600.000   336.480     1.226     0.000     0.000
  7700.000   336.960     1.183     0.000     0.000
  7800.000   337.440     1.141     0.000     0.000
  7900.000   337.920     1.101     0.000     0.000
  8000.000   338.400     1.063     0.000     0.000
  8100.000   338.880     1.025     0.000     0.000
  8200.000   339.360     0.989     0.000     0.000
  8300.000   339.840     0.955     0.000     0.000
  8400.000   340.320     0.921     0.000     0.000
  8500.000   340.800     0.889     0.000     0.000
  8600.000   341.280     0.858     0.000     0.000
  8700.000   341.760     0.827     0.000     0.000
  8800.000   342.240     0.798     0.000     0.000
  8900.000   342.720     0.770     0.000     0.000
  9000.000   343.200     0.743     0.000     0.000
  9100.000   343.680     0.717     0.000     0.000
  9200.000   344.160     0.692     0.000     0.000
  9300.000   344.640     0.668     0.000     0.000
  9400.000   345.120     0.644     0.000     0.000
  9500.000   345.600     0.622     0.000     0.000
  9600.000   346.080     0.600     0.000     0.000
  9700.000   346.560     0.579     0.000     0.000
  9800.000   347.040     0.559     0.000     0.000
  9900.000   347.520     0.539     0.000     0.000
 10000.000   348.000     0.520     0.000     0.000
 10100.000   348.480     0.502     0.000     0.000
 10200.000   348.960     0.484     0.000     0.000
 10300.000   349.440     0.467     0.000     0.000
 10400.000   349.920     0.451     0.000     0.000
 10500.000   350.400     0.435     0.000     0.000
 10600.000   350.880     0.420     0.000     0.000
 10700.000   351.360     0.405     0.000     0.000
 10800.000   351.840     0.391     0.000     0.000
 10900.000   352.320     0.377     0.000     0.000
 11000.000   352.800     0.364     0.000     0.000
 11100.000   353.280     0.351     0.000     0.000
 11200.000   353.760     0.339     0.000     0.000
 11300.000   354.240     0.327     0.000     0.000
 11400.000   354.720     0.315     0.000     0.000
 11500.000   355.200     0.304     0.000     0.000
 11600.000   355.680     0.294     0.000     0.000
 11700.000   356.160     0.283     0.000     0.000
 11800.000   356.640     0.273     0.000     0.000
 11900.000   357.120     0.264     0.000     0.000
 12000.000   357.600     0.255     0.000     0.000
 12100.000   358.080     0.246     0.000     0.000
 12200.000   358.560     0.237     0.000     0.000
 12300.000   359.040     0.229     0.000     0.000
 12400.000   359.520     0.221     0.000     0.000
 12500.000   360.000     0.213     0.000     0.000
 12600.000   360.480     0.206     0.000     0.000
 12700.000   360.960     0.198     0.000     0.000
 12800.000   361.440     0.191     0.000     0.000
 12900.000   361.920     0.185     0.000     0.000
 13000.000   362.400     0.178     0.000     0.000
 13100.000   369.600     0.172     0.000     0.000
 13200.000   371.800     0.166     0.000     0.000
 13300.000   374.000     0.160     0.000     0.000
 13400.000   376.200     0.154     0.000     0.000
 13500.000   378.400     0.149     0.000     0.000
 13600.000   380.600     0.144     0.000     0.000
 13700.000   382.800     0.139     0.000     0.000
 13800.000   385.000     0.134     0.000     0.000
 13900.000   387.200     0.129     0.000     0.000
 14000.000   389.400     0.125     0.000     0.000
 14100.000   391.600     0.120     0.000     0.000
 14200.000   393.800     0.116     0.000     0.000
 14300.000   396.000     0.112     0.000     0.000
 14400.000   398.200     0.108     0.000     0.000
 14500.000   400.400     0.104     0.000     0.000
 14600.000   402.600     0.101     0.000     0.000
 14700.000   404.800     0.097     0.000     0.000
 14800.000   407.000     0.094     0.000     0.000
 14900.000   409.200     0.090     0.000     0.000
 15000.000   411.400     0.087     0.000     0.000
 15100.000   413.600     0.084     0.000     0.000
 15200.000   415.800     0.081     0.000     0.000
 15300.000   418.000     0.078     0.000     0.000
 15400.000   420.200     0.076     0.000     0.000
 15500.000   422.400     0.073     0.000     0.000
 15600.000   424.600     0.070     0.000     0.000
 15700.000   426.800     0.068     0.000     0.000
 15800.000   429.000     0.066     0.000     0.000
 15900.000   431.200     0.063     0.000     0.000
 16000.000   433.400     0.061     0.000     0.000
 16100.000   435.600     0.059     0.000     0.000
 16200.000   437.800     0.057     0.000     0.000
 16300.000   440.000     0.055     0.000     0.000
 16400.000   442.200     0.053     0.000     0.000
 16500.000   444.400     0.051     0.000     0.000
 16600.000   446.600     0.049     0.000     0.000
 16700.000   448.800     0.048     0.000     0.000
 16800.000   451.000     0.046     0.000     0.000
 16900.000   453.200     0.044     0.000     0.000
 17000.000   455.400     0.043     0.000     0.000
 17100.000   457.600     0.041     0.000     0.000
 17200.000   459.800     0.040     0.000     0.000
 17300.000   462.000     0.038     0.000     0.000
 17400.000   464.200     0.037     0.000     0.000
 17500.000   466.400     0.036     0.000     0.000
 17600.000   468.600     0.034     0.000     0.000
 17700.000   470.800     0.033     0.000     0.000
 17800.000   473.000     0.032     0.000     0.000
 17900.000   475.200     0.031     0.000     0.000
 18000.000   477.400     0.030     0.000     0.000
 18100.000   479.600     0.029     0.000     0.000
 18200.000   481.800     0.028     0.000     0.000
 18300.000   484.000     0.027     0.000     0.000
 18400.000   486.200     0.026     0.000     0.000
 18500.000   488.400     0.025     0.000     0.000
 18600.000   490.600     0.024     0.000     0.000
 18700.000   492.800     0.023     0.000     0.000
 18800.000   495.000     0.022     0.000     0.000
 18900.000   497.200     0.022     0.000     0.000
 19000.000   499.400     0.021     0.000     0.000
 19100.000   501.600     0.020     0.000     0.000
 19200.000   503.800     0.019     0.000     0.000
 19300.000   506.000     0.019     0.000     0.000
 19400.000   508.200     0.018     0.000     0.000
 19500.000   510.400     0.017     0.000     0.000
 19600.000   512.600     0.017     0.000     0.000
 19700.000   514.800     0.016     0.000     0.000
 19800.000   517.000     0.016     0.000     0.000
 19900.000   519.200     0.015     0.000     0.000
 20000.000   521.400     0.015     0.000     0.000
 20100.000   523.600     0.014     0.000     0.000
 20200.000   525.800     0.014     0.000     0.000
 20300.000   528.000     0.013     0.000     0.000
 20400.000   530.200     0.013     0.000     0.000
 20500.000   532.400     0.012     0.000     0.000
 20600.000   534.600     0.012     0.000     0.000
 20700.000   536.800     0.011     0.000     0.000
 20800.000   539.000     0.011     0.000     0.000
 20900.000   541.200     0.011     0.000     0.000
 21000.000   543.400     0.010     0.000     0.000
 21100.000   545.600     0.010     0.000     0.000
 21200.000   547.800     0.010     0.000     0.000
 21300.000   550.000     0.009     0.000     0.000
 21400.000   552.200     0.009     0.000     0.000
 21500.000   554.400     0.009     0.000     0.000
 21600.000   556.600     0.008     0.000     0.000
 21700.000   558.800     0.008     0.000     0.000
 21800.000   561.000     0.008     0.000     0.000
 21900.000   563.200     0.007     0.000     0.000
 22000.000   565.400     0.007     0.000     0.000
 22100.000   567.600     0.007     0.000     0.000
 22200.000   569.800     0.007     0.000     0.000
 22300.000   572.000     0.006     0.000     0.000
 22400.000   574.200     0.006     0.000     0.000
 22500.000   576.400     0.006     0.000     0.000
 22600.000   578.600     0.006     0.000     0.000
 22700.000   580.800     0.006     0.000     0.000
 22800.000   583.000     0.005     0.000     0.000
 22900.000   585.200     0.005     0.000     0.000
 23000.000   587.400     0.005     0.000     0.000
 23100.000   589.600     0.005     0.000     0.000
 23200.000   591.800     0.005     0.000     0.000
 23300.000   594.000     0.005     0.000     0.000
 23400.000   596.200     0.004     0.000     0.000
 23500.000   598.400     0.004     0.000     0.000
 23600.000   600.600     0.004     0.000     0.000
 23700.000   602.800     0.004     0.000     0.000
 23800.000   605.000     0.004     0.000     0.000
 23900.000   607.200     0.004     0.000     0.000
 24000.000   609.400     0.004     0.000     0.000
 24100.000   611.600     0.003     0.000     0.000
 24200.000   613.800     0.003     0.000     0.000
 24300.000   616.000     0.003     0.000     0.000
 24400.000   618.200     0.003     0.000     0.000
 24500.000   620.400     0.003     0.000     0.000
 24600.000   622.600     0.003     0.000     0.000
 24700.000   624.800     0.003     0.000     0.000
 24800.000   627.000     0.003     0.000     0.000
 24900.000   629.200     0.003     0.000     0.000
 25000.000   631.400     0.002     0.000     0.000
 25100.000   633.600     0.002     0.000     0.000
 25200.000   635.800     0.002     0.000     0.000
 25300.000   638.000     0.002     0.000     0.000
 25400.000   640.200     0.002     0.000     0.000
 25500.000   642.400     0.002     0.000     0.000
 25600.000   644.600     0.002     0.000     0.000
 25700.000   646.800     0.002     0.000     0.000
 25800.000   649.000     0.002     0.000     0.000
 25900.000   651.200     0.002     0.000     0.000
 26000.000   653.400     0.002     0.000     0.000
 26100.000   655.600     0.002     0.000     0.000
 26200.000   657.800     0.002     0.000     0.000
 26300.000   660.000     0.002     0.000     0.000
 26400.000   662.200     0.001     0.000     0.000
 26500.000   664.400     0.001     0.000     0.000
 26600.000   666.600     0.001     0.000     0.000
 26700.000   668.800     0.001     0.000     0.000
 26800.000   671.000     0.001     0.000     0.000
 26900.000   673.200     0.001     0.000     0.000
 27000.000   675.400     0.001     0.000     0.000
 27100.000   677.600     0.001     0.000     0.000
 27200.000   679.800     0.001     0.000     0.000
 27300.000   682.000     0.001     0.000     0.000
 27400.000   684.200     0.001     0.000     0.000
 27500.000   686.400     0.001     0.000     0.000
 27600.000   688.600     0.001     0.000     0.000
 27700.000   690.800     0.001     0.000     0.000
 27800.000   693.000     0.001     0.000     0.000
 27900.000   695.200     0.001     0.000     0.000
 28000.000   697.400     0.001     0.000     0.000
 28100.000   699.600     0.001     0.000     0.000
 28200.000   701.800     0.001     0.000     0.000
 28300.000   704.000     0.001     0.000     0.000
 28400.000   706.200     0.001     0.000     0.000
 28500.000   708.400     0.001     0.000     0.000
 28600.000   710.600     0.001     0.000     0.000
 28700.000   712.800     0.001     0.000     0.000
 28800.000   715.000     0.001     0.000     0.000
 28900.000   717.200     0.001     0.000     0.000
 29000.000   719.400     0.001     0.000     0.000
